1 1 -3
2 1 3
4 1 3
5 1 -3
6 1 -3
7 1 -1
8 1 1
11 1 -1
12 1 -2
13 1 2
14 1 -3
15 1 3
17 1 2
18 1 3
19 1 -1
20 1 -1
21 1 3
22 1 2
23 1 3
24 1 -1
25 1 -3
26 1 -1
27 1 -3
28 1 -2
30 1 -3
31 1 -2
32 1 -3
33 1 1
34 1 -3
35 1 -1
37 1 -2
38 1 -1
39 1 -3
40 1 1
41 1 -3
42 1 -2
43 1 -2
44 1 -2
45 1 3
46 1 2
48 1 -2
49 1 1
51 1 2
52 1 -1
53 1 2
54 1 3
55 1 -3
56 1 -3
57 1 -1
58 1 -3
59 1 -2
60 1 -3
61 1 -3
62 1 -2
63 1 2
64 1 3
66 1 1
68 1 -2
69 1 1
70 1 -3
72 1 -3
73 1 -2
74 1 1
75 1 -1
76 1 3
77 1 -1
78 1 1
79 1 -3
80 1 -1
81 1 -3
82 1 -3
83 1 2
84 1 -1
85 1 -3
86 1 2
87 1 -1
88 1 -1
89 1 -3
90 1 -2
91 1 -1
92 1 -3
94 1 -2
96 1 1
97 1 -2
98 1 2
99 1 3
100 1 3
101 1 -2
102 1 3
103 1 3
104 1 2
106 1 -1
107 1 3
108 1 -3
109 1 -1
110 1 -3
111 1 -1
113 1 3
114 1 3
115 1 3
116 1 -1
117 1 -1
118 1 -1
119 1 -2
120 1 1
121 1 3
123 1 3
124 1 -2
125 1 3
126 1 1
127 1 3
128 1 1
129 1 -2
131 1 -2
132 1 -2
133 1 1
134 1 -1
135 1 1
136 1 -2
137 1 2
138 1 -3
139 1 3
140 1 -1
142 1 3
143 1 1
144 1 -1
145 1 -3
146 1 -2
147 1 2
148 1 1
149 1 -1
150 1 1
151 1 2
152 1 -1
154 1 1
155 1 -1
156 1 2
157 1 1
158 1 -1
159 1 2
160 1 -2
161 1 2
162 1 -2
163 1 2
164 1 -3
165 1 -3
166 1 -1
167 1 -2
168 1 3
169 1 3
170 1 1
171 1 3
172 1 -2
174 1 1
175 1 1
177 1 3
178 1 -3
179 1 2
180 1 -3
181 1 -2
182 1 2
183 1 -2
185 1 -1
186 1 2
187 1 -1
188 1 3
189 1 2
191 1 1
192 1 -1
193 1 -2
194 1 -1
195 1 3
196 1 -1
197 1 2
198 1 -3
199 1 2
200 1 -1
201 1 -1
202 1 -1
203 1 -1
204 1 3
205 1 -1
206 1 -1
207 1 -2
208 1 -2
209 1 -3
210 1 1
211 1 1
212 1 -1
213 1 -3
214 1 -2
216 1 -2
217 1 -1
218 1 -1
219 1 1
220 1 -2
221 1 3
223 1 3
224 1 -3
225 1 1
226 1 -1
227 1 3
228 1 -3
229 1 2
230 1 -1
231 1 -1
233 1 -3
234 1 3
235 1 3
236 1 3
237 1 -1
238 1 -1
240 1 1
241 1 1
242 1 -2
243 1 -1
244 1 -3
245 1 -3
246 1 -1
247 1 3
248 1 -1
249 1 -2
250 1 3
251 1 -2
252 1 2
253 1 2
254 1 -3
256 1 2
257 1 -3
258 1 -1
259 1 3
260 1 1
261 1 2
262 1 -2
263 1 -3
264 1 3
265 1 3
266 1 -1
267 1 -2
268 1 2
269 1 3
271 1 -1
272 1 3
273 1 -3
274 1 -2
275 1 3
276 1 -1
277 1 -2
278 1 1
279 1 2
280 1 -3
281 1 1
282 1 -1
283 1 -2
284 1 -3
285 1 3
288 1 -2
289 1 3
291 1 -2
292 1 3
293 1 -2
294 1 3
295 1 3
297 1 -1
298 1 3
299 1 -2
300 1 1
301 1 2
302 1 2
303 1 -1
305 1 1
306 1 3
307 1 -3
308 1 -1
312 1 -1
313 1 -2
314 1 -2
315 1 1
316 1 -1
317 1 -1
318 1 2
319 1 1
320 1 1
321 1 3
323 1 2
324 1 -3
326 1 -2
327 1 1
328 1 -3
329 1 3
330 1 -1
331 1 1
333 1 -3
334 1 -1
335 1 -1
336 1 3
337 1 1
338 1 2
339 1 1
340 1 2
342 1 1
343 1 -2
344 1 -1
345 1 1
346 1 2
347 1 -1
348 1 3
349 1 3
350 1 -1
351 1 -1
352 1 -2
353 1 2
354 1 3
355 1 1
358 1 1
359 1 -2
360 1 -3
361 1 3
362 1 1
363 1 -1
364 1 3
365 1 -2
367 1 1
368 1 -1
369 1 -2
371 1 -3
372 1 2
373 1 -1
375 1 1
376 1 2
377 1 1
378 1 3
379 1 -3
380 1 -3
381 1 3
382 1 3
383 1 1
384 1 -3
385 1 -1
386 1 1
387 1 1
388 1 -3
389 1 2
390 1 2
391 1 1
394 1 1
396 1 3
397 1 2
398 1 -2
399 1 -3
400 1 1
401 1 -1
402 1 -1
405 1 -2
406 1 -1
407 1 -1
408 1 -3
409 1 2
410 1 -2
411 1 -1
412 1 -2
413 1 1
415 1 2
417 1 3
418 1 -3
419 1 3
421 1 1
423 1 2
424 1 -2
425 1 -2
426 1 3
427 1 -1
428 1 3
429 1 2
430 1 -2
431 1 2
432 1 -3
433 1 -1
434 1 -1
435 1 -1
436 1 -1
437 1 -1
438 1 2
439 1 -2
442 1 -3
443 1 -3
444 1 -2
445 1 2
446 1 -2
447 1 3
448 1 3
449 1 2
450 1 1
451 1 2
453 1 3
454 1 2
455 1 1
456 1 -3
457 1 -1
458 1 2
460 1 1
462 1 -3
463 1 1
464 1 -3
465 1 -2
466 1 -3
467 1 1
469 1 3
470 1 1
471 1 -1
472 1 -2
473 1 -2
475 1 -2
477 1 1
478 1 1
481 1 3
482 1 -3
483 1 3
484 1 3
485 1 3
486 1 -1
487 1 2
488 1 2
490 1 -3
491 1 1
492 1 2
493 1 2
494 1 3
495 1 -3
496 1 -1
497 1 2
499 1 3
500 1 -2
502 1 -2
503 1 1
505 1 1
506 1 2
507 1 1
508 1 3
509 1 -3
510 1 1
511 1 3
514 1 -2
516 1 -1
517 1 -2
518 1 3
519 1 -3
520 1 1
521 1 -2
522 1 -2
523 1 2
524 1 -1
526 1 -2
528 1 1
529 1 -2
531 1 1
532 1 -3
533 1 -3
534 1 -2
535 1 3
536 1 -1
537 1 3
538 1 -1
539 1 -1
540 1 1
541 1 2
543 1 3
545 1 -3
546 1 3
547 1 -2
548 1 2
549 1 1
550 1 -2
551 1 -3
552 1 2
554 1 -2
555 1 -3
556 1 3
558 1 -2
559 1 1
561 1 3
562 1 2
563 1 -1
564 1 -1
565 1 -3
566 1 -2
568 1 1
569 1 -1
570 1 2
572 1 -3
573 1 1
574 1 -3
575 1 1
576 1 -2
577 1 -3
579 1 3
580 1 1
581 1 -2
582 1 2
583 1 2
584 1 1
585 1 -1
586 1 2
587 1 -2
588 1 -2
589 1 -3
590 1 -1
591 1 -1
592 1 -3
593 1 3
594 1 1
595 1 3
596 1 -3
597 1 -3
598 1 -2
599 1 1
600 1 3
601 1 -1
603 1 3
605 1 -3
606 1 -1
607 1 1
608 1 -3
609 1 1
610 1 1
611 1 -1
613 1 1
614 1 3
615 1 1
616 1 1
617 1 2
618 1 1
619 1 -2
620 1 3
621 1 3
622 1 -1
623 1 -2
624 1 1
625 1 -3
626 1 -2
627 1 -3
629 1 3
630 1 -1
631 1 1
632 1 1
634 1 -1
635 1 3
636 1 3
637 1 -3
638 1 -2
639 1 1
640 1 -1
641 1 2
642 1 -3
643 1 2
644 1 -1
645 1 -3
646 1 1
647 1 -1
648 1 2
649 1 1
650 1 -3
651 1 3
652 1 3
653 1 -3
654 1 2
655 1 -2
656 1 3
657 1 3
658 1 -3
659 1 -3
660 1 1
661 1 -3
662 1 2
664 1 -3
665 1 -1
666 1 3
667 1 -2
668 1 -3
670 1 3
671 1 -2
672 1 -3
674 1 3
676 1 1
677 1 1
678 1 3
679 1 -1
680 1 -3
681 1 1
682 1 -1
683 1 3
684 1 1
685 1 -2
686 1 1
687 1 3
688 1 3
689 1 -2
690 1 -3
691 1 2
692 1 2
693 1 -1
694 1 -2
696 1 -2
698 1 -3
699 1 3
700 1 1
701 1 1
702 1 2
703 1 -2
704 1 2.9999
705 1 -1.0001
706 1 1.9999
707 1 -3
708 1 -2
710 1 2
713 1 -3
715 1 2
716 1 2
717 1 -3
721 1 1
722 1 2
723 1 2
724 1 2
725 1 -3
726 1 3
727 1 3
729 1 -2
731 1 2
732 1 3
733 1 -3
734 1 -3
735 1 -1
736 1 1
737 1 1
738 1 -2
739 1 -3
740 1 -2
742 1 1
743 1 -3
744 1 3
745 1 1
746 1 -1
747 1 -1
748 1 1
749 1 2
750 1 3
751 1 2
752 1 -2
753 1 1
754 1 -2
755 1 3
756 1 3
757 1 2
758 1 1
759 1 2
761 1 -3
762 1 0.99998
763 1 -0.00036898
764 1 -1.0021
765 1 0.99334
766 1 -3.0089
767 1 -1.0082
768 1 2.9918
769 1 -3.0056
770 1 -2.0057
771 1 1.9962
772 1 2.999
773 1 -1
774 1 1
775 1 1
776 1 -2
778 1 -3
779 1 1
780 1 -2
781 1 -3
782 1 -3
785 1 3
786 1 2
787 1 3
788 1 3
789 1 -3
791 1 2
792 1 -3
793 1 1
794 1 -1
795 1 -1
796 1 3
797 1 1
798 1 3
800 1 2
801 1 -1
802 1 2
803 1 2
804 1 1
805 1 -3
806 1 -1
807 1 -1
808 1 1
809 1 2
810 1 -2
811 1 -3
812 1 3
813 1 1
814 1 1
815 1 3
816 1 -2
817 1 1
818 1 3
820 1 2
821 1 3
822 1 2
823 1 0.99975
824 1 1.9955
825 1 1.9857
826 1 0.98311
827 1 2.9816
828 1 -3.016
829 1 -2.0154
830 1 -3.0135
831 1 2.9843
832 1 -3.0158
833 1 -1.015
834 1 -3.0127
835 1 -2.0071
836 1 -2.0026
837 1 1.9999
838 1 1
839 1 -1
841 1 3
842 1 -2
843 1 1
844 1 1
845 1 3
846 1 3
847 1 -1
848 1 -3
849 1 2
850 1 -2
851 1 -2
853 1 -3
854 1 -1
855 1 -1
856 1 -3
857 1 3
858 1 3
859 1 -2
860 1 1
861 1 3
862 1 3
863 1 -2
864 1 1
865 1 -2
866 1 2
868 1 -2
869 1 3
870 1 -3
871 1 -3
872 1 -1
874 1 -3
875 1 -1
876 1 -1
877 1 3
878 1 -2
880 1 -3
881 1 3
882 1 3
883 1 0.99994
884 1 -0.0023498
885 1 -2.0112
886 1 -2.0171
887 1 1.9831
888 1 -1.0168
889 1 -1.018
890 1 -1.0201
891 1 -1.0157
892 1 0.98402
893 1 1.978
894 1 -3.0216
895 1 1.9785
896 1 1.9819
897 1 1.9829
898 1 1.9839
899 1 2.9926
900 1 -3.0023
901 1 1
902 1 -1
903 1 -1
904 1 3
905 1 1
909 1 2
910 1 2
911 1 -3
912 1 -2
913 1 -2
914 1 3
915 1 -1
917 1 -2
918 1 -1
919 1 2
920 1 -2
921 1 3
922 1 2
923 1 3
924 1 2
925 1 3
926 1 2
927 1 -3
928 1 -3
929 1 -2
930 1 3
931 1 3
932 1 2
933 1 -1
934 1 -1
935 1 2
936 1 -2
938 1 -2
939 1 -1
940 1 -3
942 1 1
944 1 0.9998
945 1 -3.007
946 1 -0.017074
947 1 1.9829
948 1 -0.019669
949 1 2.9802
950 1 1.9846
951 1 2.9835
952 1 -2.0161
953 1 -2.0365
954 1 -2.044
955 1 0.97204
956 1 1.9784
957 1 1.9794
958 1 -2.0179
959 1 1.9811
960 1 -1.0196
961 1 2.9816
962 1 2.9877
963 1 0.99662
964 1 -2.0001
965 1 3
967 1 -1
968 1 2
969 1 3
970 1 -2
971 1 -1
972 1 3
973 1 2
974 1 -2
975 1 1
976 1 -3
977 1 3
978 1 1
980 1 -3
981 1 -1
982 1 -2
983 1 3
984 1 1
985 1 -2
986 1 3
989 1 3
991 1 -2
992 1 -1
993 1 2
994 1 -3
996 1 3
997 1 -2
998 1 -1
999 1 -1
1000 1 -3
1002 1 2
1003 1 1
1004 1 3
1005 1 -3.0002
1006 1 -3.0083
1007 1 0.9838
1008 1 0.98364
1009 1 2.9839
1010 1 -2.015
1011 1 -1.0147
1012 1 0.9855
1013 1 -2.016
1014 1 -1.0243
1015 1 -0.050259
1016 1 -0.050193
1017 1 -2.0386
1018 1 2.9753
1019 1 1.9797
1020 1 -0.018375
1021 1 -0.021852
1022 1 1.9802
1023 1 1.9778
1024 1 -2.0221
1025 1 -1.0117
1026 1 0.99826
1028 1 3
1029 1 -3
1030 1 -1
1031 1 -3
1032 1 3
1033 1 -1
1034 1 -3
1035 1 -2
1036 1 -3
1037 1 1
1038 1 -3
1039 1 -1
1040 1 2
1041 1 -3
1042 1 -2
1043 1 2
1046 1 3
1047 1 3
1048 1 -3
1049 1 -3
1050 1 2
1051 1 1
1052 1 3
1053 1 1
1054 1 -3
1056 1 3
1057 1 -3
1058 1 3
1059 1 1
1060 1 -3
1061 1 -3
1063 1 1
1064 1 -1
1065 1 2
1066 1 -1.0001
1067 1 0.99295
1068 1 1.9853
1069 1 2.9857
1070 1 2.9801
1071 1 -2.0218
1072 1 -1.0149
1073 1 2.9846
1074 1 0.98301
1075 1 -0.027258
1076 1 -2.0241
1077 1 -1.0311
1078 1 -0.040903
1079 1 -0.03973
1080 1 -3.0408
1081 1 0.95958
1082 1 -3.0231
1083 1 -3.0219
1084 1 1.9791
1085 1 -0.022857
1086 1 1.9816
1087 1 2.9817
1088 1 2.9919
1089 1 1.9992
1091 1 2
1092 1 3
1093 1 -3
1094 1 -3
1095 1 -1
1096 1 -1
1097 1 -3
1098 1 2
1099 1 -3
1101 1 -3
1102 1 -2
1103 1 1
1104 1 3
1105 1 -1
1107 1 -1
1108 1 -1
1109 1 1
1110 1 2
1111 1 -2
1112 1 -3
1113 1 1
1114 1 2
1116 1 -3
1117 1 -2
1118 1 2
1119 1 1
1120 1 -1
1121 1 -1
1122 1 3
1123 1 -3
1124 1 1
1125 1 3
1126 1 -1
1127 1 2
1128 1 -2.0048
1129 1 -2.0145
1130 1 2.9853
1131 1 2.9849
1132 1 1.9785
1133 1 1.9821
1134 1 -1.0175
1135 1 -3.0162
1136 1 -1.0155
1137 1 1.9732
1138 1 1.9801
1139 1 -2.025
1140 1 1.9777
1141 1 -3.0188
1142 1 1.9675
1143 1 0.9693
1144 1 -2.0216
1145 1 -0.01836
1146 1 -2.018
1147 1 -2.0171
1148 1 2.9818
1149 1 1.9807
1150 1 -1.0147
1151 1 -0.0037675
1152 1 -1
1154 1 2
1155 1 3
1156 1 3
1157 1 3
1158 1 -3
1159 1 1
1162 1 -1
1163 1 2
1164 1 -2
1166 1 3
1167 1 -1
1168 1 -2
1169 1 3
1170 1 -2
1171 1 -3
1172 1 2
1173 1 -2
1174 1 -3
1175 1 1
1176 1 -2
1178 1 -2
1179 1 -2
1181 1 1
1182 1 1
1183 1 -1
1184 1 -1
1185 1 1
1186 1 1
1187 1 2
1188 1 1
1189 1 -2.0007
1190 1 0.98684
1191 1 -0.015058
1192 1 2.9823
1193 1 2.9839
1194 1 2.9808
1195 1 -1.0224
1196 1 -1.0186
1197 1 -0.015917
1198 1 -3.0202
1199 1 -0.017362
1200 1 2.983
1201 1 -2.0196
1202 1 -1.0203
1203 1 -0.017109
1204 1 0.98092
1205 1 -2.0249
1206 1 -3.0245
1207 1 2.9796
1208 1 1.9798
1209 1 -0.017455
1210 1 -0.019583
1211 1 2.9815
1212 1 1.9818
1213 1 -2.0074
1214 1 -3.0003
1216 1 -2
1217 1 -3
1218 1 -2
1219 1 -1
1220 1 2
1221 1 -2
1223 1 3
1224 1 1
1225 1 -3
1226 1 -3
1227 1 2
1228 1 1
1229 1 1
1230 1 2
1231 1 2
1232 1 -1
1233 1 3
1235 1 1
1237 1 -2
1238 1 -3
1239 1 1
1240 1 3
1241 1 -1
1243 1 -2
1244 1 3
1245 1 1
1247 1 -3
1248 1 -3
1249 1 -1
1250 1 1
1251 1 0.99256
1252 1 -0.014212
1253 1 -3.0164
1254 1 2.9817
1255 1 0.97568
1256 1 2.9768
1257 1 2.9819
1258 1 -2.0195
1259 1 2.9828
1260 1 -3.02
1261 1 2.9841
1262 1 0.98387
1263 1 -0.020974
1264 1 2.9769
1265 1 -1.0171
1266 1 0.98055
1267 1 1.9707
1268 1 0.97005
1269 1 2.9734
1270 1 1.9785
1271 1 -1.0219
1272 1 -1.0236
1273 1 -2.0195
1274 1 -1.0233
1275 1 -0.013505
1276 1 -0.0010137
1277 1 3
1278 1 -2
1279 1 -2
1280 1 3
1281 1 -3
1282 1 -1
1283 1 1
1284 1 -1
1286 1 -3
1287 1 -1
1289 1 -3
1290 1 -2
1291 1 -3
1292 1 1
1293 1 -1
1294 1 2
1295 1 3
1296 1 3
1297 1 -3
1300 1 2
1302 1 -3
1303 1 2
1304 1 3
1305 1 -2
1306 1 -2
1307 1 1
1308 1 2
1309 1 2
1310 1 3
1312 1 -0.00034179
1313 1 -3.011
1314 1 1.9868
1315 1 -2.0147
1316 1 -2.0244
1317 1 2.9737
1318 1 -1.0207
1319 1 2.9711
1320 1 1.9789
1321 1 2.9825
1322 1 -0.01669
1323 1 -0.016674
1324 1 -3.0195
1325 1 -2.033
1326 1 -3.0355
1327 1 -3.0191
1328 1 2.9814
1329 1 -3.0264
1330 1 -1.0386
1331 1 -0.03169
1332 1 -0.024411
1333 1 0.97625
1334 1 2.9764
1335 1 1.9766
1336 1 -3.0252
1337 1 -0.014895
1338 1 -0.001072
1339 1 2
1340 1 -3
1341 1 2
1342 1 -1
1343 1 -3
1344 1 2
1345 1 3
1346 1 -3
1347 1 -1
1348 1 -2
1349 1 1
1350 1 2
1351 1 1
1352 1 2
1353 1 -3
1354 1 1
1355 1 -2
1357 1 3
1358 1 -2
1359 1 2
1361 1 2
1362 1 -1
1363 1 2
1364 1 3
1365 1 3
1366 1 -3
1367 1 2
1368 1 -3
1369 1 3
1370 1 2
1371 1 2
1372 1 3
1374 1 0.99826
1375 1 1.989
1376 1 -0.016581
1377 1 0.97847
1378 1 -2.0231
1379 1 1.9754
1380 1 -3.04
1381 1 1.958
1382 1 -1.0292
1383 1 -2.0191
1384 1 -0.010506
1385 1 -0.014689
1386 1 -2.0223
1387 1 -0.033313
1388 1 -0.036378
1389 1 -1.0636
1390 1 -1.0485
1391 1 2.9636
1392 1 1.962
1393 1 -3.0296
1394 1 0.97449
1395 1 -0.019983
1396 1 -1.0194
1397 1 1.9783
1398 1 1.9763
1399 1 2.9874
1400 1 -0.00070689
1401 1 3
1402 1 -1
1403 1 2
1404 1 2
1406 1 -1
1407 1 3
1408 1 3
1409 1 -3
1410 1 -2
1411 1 1
1412 1 2
1414 1 -2
1415 1 1
1416 1 1
1417 1 2
1419 1 -2
1421 1 2
1422 1 2
1424 1 -1
1425 1 -2
1426 1 2
1427 1 2
1428 1 -3
1429 1 1
1430 1 -1
1431 1 2
1432 1 -2
1433 1 3
1434 1 -1
1436 1 -1.0018
1437 1 -2.014
1438 1 -2.0198
1439 1 -0.021261
1440 1 2.9789
1441 1 -2.035
1442 1 1.9666
1443 1 2.9699
1444 1 1.9791
1445 1 1.9788
1446 1 0.98165
1447 1 1.9839
1448 1 0.99208
1449 1 2.9817
1450 1 -1.043
1451 1 0.92821
1452 1 1.9444
1453 1 -2.0409
1454 1 0.97722
1455 1 -0.023102
1456 1 -2.0201
1457 1 -0.019859
1458 1 1.9794
1459 1 -3.0216
1460 1 -0.020795
1461 1 -0.0072049
1462 1 0.99976
1463 1 2
1464 1 -1
1466 1 -1
1467 1 3
1468 1 -1
1470 1 2
1471 1 -3
1472 1 1
1473 1 1
1474 1 3
1475 1 -2
1476 1 -3
1477 1 1
1478 1 -2
1479 1 1
1480 1 -3
1481 1 -1
1482 1 2
1484 1 -1
1487 1 -2
1488 1 3
1489 1 2
1490 1 1
1491 1 2
1492 1 -2
1493 1 -2
1494 1 -3
1495 1 -1
1496 1 -3
1497 1 1
1498 1 0.99774
1499 1 -1.0131
1500 1 1.984
1501 1 -0.016111
1502 1 0.97783
1503 1 -2.0271
1504 1 0.97057
1505 1 1.986
1506 1 0.98946
1507 1 -1.0102
1508 1 0.9882
1509 1 -2.0129
1510 1 1.9833
1511 1 -0.015936
1512 1 -2.0134
1513 1 -2.0309
1514 1 -2.049
1515 1 1.975
1516 1 2.9764
1517 1 -1.0187
1518 1 -3.0178
1519 1 0.9829
1520 1 -3.0191
1521 1 2.9786
1522 1 -0.014938
1523 1 -3.0018
1524 1 -5.4376e-05
1525 1 -2
1526 1 -1
1527 1 3
1528 1 -1
1529 1 -3
1530 1 -3
1531 1 -1
1532 1 2
1533 1 -1
1534 1 -2
1535 1 -2
1536 1 -3
1537 1 3
1538 1 -3
1539 1 -1
1540 1 3
1543 1 2
1544 1 1
1545 1 2
1546 1 -3
1548 1 2
1549 1 1
1550 1 -1
1551 1 1
1552 1 1
1553 1 -3
1554 1 -1
1555 1 -2
1556 1 -1
1557 1 2
1558 1 3
1559 1 -3
1560 1 1.9998
1561 1 -2.0103
1562 1 2.9862
1563 1 -1.0175
1564 1 0.98269
1565 1 -1.0161
1566 1 2.9989
1567 1 1.9996
1568 1 1.9999
1569 1 -3
1570 1 2
1571 1 -0.0015342
1572 1 -2.0059
1573 1 0.99601
1574 1 -1.0039
1575 1 -3.0093
1576 1 -1.0177
1577 1 2.9783
1578 1 -2.0186
1579 1 -0.019968
1580 1 1.9805
1581 1 -2.0187
1582 1 -0.018313
1583 1 -0.018643
1584 1 -1.0066
1585 1 2.9994
1586 1 2
1587 1 -2
1588 1 3
1591 1 -1
1592 1 -3
1593 1 1
1594 1 3
1595 1 3
1596 1 3
1597 1 -3
1598 1 -1
1599 1 3
1600 1 -3
1602 1 1
1603 1 2
1604 1 -3
1605 1 -1
1606 1 -2
1607 1 2
1608 1 2
1609 1 -3
1611 1 -1
1612 1 -3
1613 1 -2
1614 1 -3
1615 1 -2
1616 1 -1
1617 1 2
1619 1 -2
1620 1 -1
1621 1 3
1622 1 -2.0002
1623 1 -0.0093178
1624 1 2.9859
1625 1 1.9854
1626 1 -2.0127
1627 1 -3.008
1628 1 -2.0009
1631 1 1
1634 1 -1
1635 1 -2.0005
1636 1 -2.0058
1637 1 1.9931
1638 1 -1.0209
1639 1 0.97948
1640 1 -2.0187
1641 1 -3.0202
1642 1 -1.0171
1643 1 -3.0175
1644 1 -2.0176
1645 1 -3.0116
1646 1 2.9991
1647 1 -2
1648 1 3
1649 1 -1
1650 1 1
1651 1 3
1652 1 3
1653 1 -2
1654 1 -2
1655 1 -3
1656 1 3
1657 1 2
1658 1 -2
1659 1 1
1660 1 1
1661 1 1
1662 1 -2
1663 1 -1
1664 1 2
1665 1 1
1666 1 2
1667 1 -1
1668 1 1
1669 1 2
1670 1 3
1671 1 -2
1672 1 -2
1673 1 -1
1674 1 -1
1676 1 -3
1677 1 -3
1678 1 1
1679 1 -2
1680 1 -2
1681 1 1
1682 1 -1
1683 1 -2
1684 1 -1.0002
1685 1 1.993
1686 1 -1.0125
1687 1 0.98452
1688 1 2.9843
1689 1 -1.003
1690 1 -1.0002
1691 1 -1
1692 1 2
1693 1 3
1695 1 -1
1696 1 1
1697 1 -0.00033791
1698 1 2.9945
1699 1 1.9921
1700 1 2.9798
1701 1 2.9733
1702 1 2.9728
1703 1 1.978
1704 1 -3.0185
1705 1 -1.0164
1706 1 -0.0084594
1707 1 -0.00093993
1708 1 -1.0002
1709 1 1
1710 1 -2
1711 1 1
1712 1 -2
1713 1 1
1714 1 1
1715 1 -1
1716 1 2
1717 1 -1
1718 1 1
1719 1 3
1720 1 -1
1721 1 2
1722 1 -2.0004
1723 1 2.9973
1724 1 -3.0021
1726 1 -1
1727 1 2
1728 1 -2
1729 1 -1
1730 1 1
1731 1 2
1732 1 1
1733 1 2
1734 1 -1
1735 1 -3
1736 1 3
1737 1 -1
1738 1 -1
1739 1 1
1741 1 -2
1742 1 -1
1743 1 -1
1744 1 -2
1745 1 -3
1746 1 1.9999
1747 1 2.9943
1748 1 -3.0118
1749 1 -1.0175
1750 1 -3.012
1751 1 -3.0008
1752 1 2
1753 1 -2
1754 1 -1
1755 1 3
1756 1 -2
1757 1 -1
1759 1 2.9999
1760 1 -1.0046
1761 1 1.9911
1762 1 -0.021296
1763 1 1.9711
1764 1 1.9691
1765 1 -0.024858
1766 1 -3.0088
1767 1 1.9994
1768 1 -0.0006331
1769 1 -2.0001
1770 1 2
1771 1 -3
1772 1 2
1773 1 -3
1774 1 2
1775 1 2
1776 1 -1
1777 1 1
1778 1 -1
1779 1 3
1780 1 -2
1781 1 3
1782 1 -2
1783 1 -3.0003
1784 1 -0.0045637
1785 1 -3.0071
1786 1 0.99793
1788 1 2
1789 1 2
1791 1 -3
1792 1 -1
1793 1 2
1794 1 -1
1795 1 -3
1796 1 -2
1798 1 2
1799 1 1
1800 1 3
1801 1 1
1802 1 1
1803 1 -2
1805 1 -1
1806 1 2
1807 1 1
1808 1 -1.0001
1809 1 -3.0055
1810 1 -0.012973
1811 1 -0.012837
1812 1 0.99875
1813 1 -3.0003
1814 1 -3
1815 1 3
1816 1 2
1817 1 1
1818 1 -3
1819 1 -1
1820 1 1
1821 1 -2
1822 1 0.9982
1823 1 -0.0059193
1824 1 -1.0165
1825 1 -2.0208
1826 1 2.9857
1827 1 -3.0009
1828 1 0.99952
1829 1 -1.0002
1830 1 -1
1831 1 2
1832 1 3
1833 1 -1
1834 1 -1
1835 1 -2
1836 1 -1
1837 1 -2
1838 1 -2
1839 1 2
1840 1 -2
1842 1 2
1843 1 2
1844 1 0.99991
1845 1 0.99472
1846 1 -3.0066
1847 1 -0.0042219
1848 1 0.99905
1849 1 2
1850 1 -2
1851 1 3
1853 1 -1
1854 1 2
1855 1 1
1857 1 -1
1858 1 3
1859 1 -1
1860 1 -3
1861 1 2
1862 1 -3
1863 1 1
1864 1 -1
1865 1 -1
1866 1 -3
1867 1 -2
1868 1 1
1870 1 -3.0001
1871 1 -2.0044
1872 1 2.9926
1873 1 1.9958
1874 1 1.9991
1875 1 1
1876 1 -3
1877 1 -2
1878 1 3
1879 1 -2
1881 1 2
1882 1 1
1883 1 3
1884 1 -1.0001
1885 1 -0.0067038
1886 1 -1.0074
1887 1 1.9986
1888 1 1.9992
1889 1 2.9995
1890 1 2
1891 1 3
1892 1 1
1893 1 -1
1894 1 -3
1895 1 1
1896 1 2
1897 1 -2
1898 1 -1
1900 1 -3
1901 1 -3
1902 1 -1
1903 1 -2
1904 1 -3
1905 1 -3
1906 1 -1.0011
1907 1 0.99484
1908 1 1.9966
1909 1 2.9969
1910 1 2.9993
1911 1 3
1912 1 -1
1913 1 -1
1914 1 -3
1915 1 1
1916 1 -2
1917 1 2
1918 1 3
1919 1 1
1920 1 2
1921 1 1
1923 1 1
1924 1 -1
1925 1 -3
1926 1 3
1927 1 3
1928 1 -1
1929 1 3
1930 1 -3
1932 1 -3.0003
1933 1 -1.0145
1934 1 -2.0185
1935 1 0.98965
1936 1 2.9987
1937 1 1
1938 1 3
1939 1 -2
1940 1 -3
1941 1 -1
1942 1 3
1943 1 3
1944 1 2
1945 1 1
1946 1 2.9989
1947 1 -3.0081
1948 1 -1.007
1949 1 0.9965
1950 1 -1.0003
1951 1 -1
1952 1 -2
1953 1 2
1954 1 1
1956 1 -1
1957 1 3
1958 1 1
1959 1 1
1960 1 -3
1961 1 -3
1962 1 -3
1963 1 3
1964 1 2
1967 1 3
1968 1 0.99873
1969 1 0.99598
1970 1 0.99652
1971 1 -3.0033
1972 1 2.9992
1973 1 -1
1974 1 2
1975 1 2
1976 1 1
1977 1 -3
1978 1 -2
1979 1 -2
1981 1 -3
1982 1 -3
1983 1 3
1984 1 -2
1985 1 2
1986 1 -3
1987 1 3
1988 1 -1
1989 1 -3
1990 1 3
1992 1 -3
1993 1 2
1994 1 1.9962
1995 1 -1.0156
1996 1 -2.0165
1997 1 -0.01681
1998 1 1.9917
1999 1 -2.0016
2001 1 -1
2002 1 1
2003 1 -1
2004 1 -3
2005 1 -3
2006 1 -2
2007 1 3
2008 1 1.9993
2009 1 -0.0041831
2010 1 1.9919
2011 1 -3.0087
2012 1 -1.0016
2013 1 3
2015 1 -3
2016 1 -0.00024081
2017 1 2.9998
2018 1 2
2020 1 -1
2022 1 3
2023 1 -2
2025 1 -2
2026 1 -1
2027 1 -3
2028 1 2
2029 1 1
2030 1 2.9988
2031 1 0.99611
2032 1 0.9961
2033 1 -3.0039
2034 1 -2.0012
2037 1 -2
2038 1 -2
2039 1 -1
2040 1 2
2041 1 -2
2042 1 -3
2043 1 -1
2044 1 2
2045 1 -3
2046 1 -3
2047 1 3
2048 1 1
2050 1 -1
2051 1 3
2052 1 1
2053 1 -2
2054 1 -3
2055 1 -3
2056 1 -0.0056746
2057 1 -2.0136
2058 1 -1.0171
2059 1 -3.0178
2060 1 -3.0162
2061 1 2.9921
2062 1 -2.002
2063 1 1.9999
2064 1 2
2065 1 1
2066 1 -1
2067 1 -1
2068 1 -1
2069 1 -3
2070 1 -2
2071 1 1.9971
2072 1 -3.0108
2073 1 -0.008809
2074 1 1.9995
2075 1 3
2076 1 -3
2077 1 -2.0007
2078 1 -3.0101
2079 1 -1.0091
2080 1 -0.0021867
2081 1 3
2082 1 3
2083 1 3
2084 1 3
2085 1 -2
2086 1 -1
2087 1 1
2088 1 -1
2089 1 1
2090 1 2
2091 1 -1
2092 1 -3.001
2093 1 -1.0041
2094 1 -2.0052
2095 1 -0.0058027
2096 1 -0.001573
2097 1 -3
2098 1 3
2099 1 -1
2100 1 -3
2101 1 2
2102 1 2
2103 1 -3
2104 1 -2
2105 1 -1
2106 1 -1
2107 1 3
2108 1 2
2111 1 -2
2112 1 -2
2113 1 2
2114 1 -3
2115 1 2
2116 1 3
2117 1 2
2118 1 -1.0036
2119 1 -2.0135
2120 1 2.9852
2121 1 -2.016
2122 1 -0.017202
2123 1 1.9871
2124 1 -3.0112
2125 1 -0.0076554
2126 1 2.9936
2127 1 -3.0028
2128 1 2.9993
2129 1 1.9982
2130 1 -3.004
2131 1 1.9967
2132 1 2.9997
2133 1 -3.0001
2134 1 -1.0008
2135 1 2.9991
2136 1 2.9998
2137 1 1
2138 1 -3
2139 1 -0.0010992
2140 1 -2.0179
2141 1 -2.0201
2142 1 -0.0095353
2143 1 -3.0014
2144 1 2
2145 1 2
2146 1 -3
2148 1 3
2149 1 -2
2150 1 3
2152 1 3
2153 1 -1
2154 1 1.9998
2155 1 -3.0018
2156 1 -2.0073
2157 1 -2.0081
2158 1 2.9979
2159 1 3
2160 1 -1
2161 1 1
2162 1 -1
2163 1 -2
2164 1 1
2165 1 2
2166 1 -2
2167 1 3
2168 1 -1
2169 1 -2
2171 1 2
2173 1 1
2174 1 1
2175 1 -1
2176 1 -2
2177 1 -3
2178 1 3
2179 1 -3
2180 1 -1.0017
2181 1 -1.0117
2182 1 -1.0145
2183 1 -2.0139
2184 1 -3.0172
2185 1 -3.0167
2186 1 -2.0141
2187 1 -2.0147
2188 1 2.9852
2189 1 -2.0161
2190 1 -2.0213
2191 1 -0.026691
2192 1 0.97505
2193 1 -2.0121
2194 1 2.9991
2195 1 2
2198 1 -0.0004855
2199 1 -2.0009
2200 1 1.9998
2201 1 2.9931
2202 1 1.9785
2203 1 0.97919
2204 1 2.9848
2205 1 -2.0051
2206 1 -1.0002
2207 1 1
2208 1 -1
2209 1 -2
2210 1 3
2211 1 -1
2212 1 -1
2213 1 1
2215 1 2
2216 1 1
2217 1 0.99965
2218 1 -1.0041
2219 1 1.9947
2220 1 0.99795
2221 1 -1
2222 1 1
2223 1 1
2224 1 -3
2225 1 2
2226 1 3
2227 1 -3
2228 1 -3
2229 1 -2
2231 1 1
2232 1 -1
2233 1 3
2234 1 -3
2235 1 -3
2236 1 3
2238 1 3
2239 1 1
2240 1 3
2241 1 1
2242 1 -2.0009
2243 1 0.98805
2244 1 0.98603
2245 1 1.9842
2246 1 -1.0232
2247 1 2.9806
2248 1 -1.0148
2249 1 -0.016868
2250 1 -2.019
2251 1 0.98195
2252 1 -2.0225
2253 1 -2.0227
2254 1 0.97846
2255 1 1.9851
2256 1 -1.0043
2257 1 1.9999
2258 1 1.9999
2259 1 -0.0010448
2260 1 2.9766
2261 1 2.9727
2262 1 -1.0121
2263 1 1.9741
2264 1 -1.0255
2265 1 2.9796
2266 1 0.98137
2267 1 -2.0111
2268 1 2.9987
2270 1 2
2273 1 1
2274 1 -3
2278 1 -1
2279 1 -1
2280 1 -1.0008
2281 1 1.9993
2282 1 1.9997
2283 1 -3
2284 1 -3
2285 1 1
2286 1 2
2287 1 1
2290 1 1
2291 1 2
2292 1 1
2294 1 1
2295 1 -2
2297 1 -2
2298 1 3
2299 1 -1
2301 1 2
2302 1 -3
2303 1 1
2304 1 -3.0022
2305 1 1.9858
2306 1 -0.016099
2307 1 1.9866
2308 1 2.9841
2309 1 -3.034
2310 1 2.9652
2311 1 -3.036
2312 1 2.957
2313 1 -3.0373
2314 1 -2.0328
2315 1 2.964
2316 1 0.97136
2317 1 2.9744
2318 1 2.9931
2319 1 -1.0068
2320 1 -3.0055
2321 1 1.9819
2322 1 2.9677
2323 1 -2.0236
2324 1 0.97993
2325 1 2.9778
2326 1 0.97142
2327 1 0.97063
2328 1 -3.0195
2329 1 1.9845
2330 1 0.99577
2331 1 0.99995
2332 1 1
2333 1 -2
2334 1 -1
2335 1 3
2336 1 3
2337 1 -3
2338 1 -1
2339 1 2
2340 1 2
2341 1 1
2342 1 2
2343 1 -1
2344 1 1.9999
2345 1 2
2346 1 -1
2347 1 3
2348 1 -1
2349 1 3
2353 1 -2
2355 1 3
2356 1 2
2357 1 1
2358 1 -1
2359 1 -2
2360 1 1
2361 1 2
2362 1 3
2363 1 3
2364 1 -3
2365 1 -1
2366 1 -3.002
2367 1 -1.013
2368 1 1.9854
2369 1 -1.0137
2370 1 -2.0182
2371 1 2.9698
2372 1 1.9652
2373 1 -0.045587
2374 1 0.94919
2375 1 -0.037442
2376 1 0.9671
2377 1 -3.0378
2378 1 -1.0407
2379 1 -2.0343
2380 1 0.98451
2381 1 -0.021494
2382 1 2.9811
2383 1 -2.0305
2384 1 2.9713
2385 1 -3.0207
2386 1 -2.0183
2387 1 -2.0203
2388 1 -1.0223
2389 1 0.982
2390 1 -0.019987
2391 1 -1.0191
2392 1 0.99132
2393 1 -0.00024469
2394 1 -3
2395 1 1
2396 1 -2
2397 1 -2
2399 1 2
2400 1 1
2401 1 -1
2402 1 -1
2404 1 -2
2406 1 -1
2407 1 2
2408 1 2
2409 1 3
2410 1 -2
2411 1 3
2412 1 1
2413 1 -2
2414 1 -1
2415 1 -2
2416 1 2
2417 1 1
2418 1 -2
2419 1 2
2420 1 3
2421 1 2
2422 1 2
2424 1 -1
2425 1 3
2426 1 1
2427 1 2
2428 1 0.99862
2429 1 2.9896
2430 1 0.9865
2431 1 -2.0145
2432 1 -3.015
2433 1 0.98483
2434 1 -3.0139
2435 1 1.9865
2436 1 -3.0185
2437 1 -2.0174
2438 1 1.9814
2439 1 2.9727
2440 1 1.9675
2441 1 -2.0272
2442 1 -1.0182
2443 1 2.9784
2444 1 -1.0294
2445 1 -2.03
2446 1 -0.019071
2447 1 0.97997
2448 1 -1.0185
2449 1 2.979
2450 1 0.97065
2451 1 2.978
2452 1 -0.018511
2453 1 -1.0211
2454 1 -3.0078
2455 1 -1.0001
2456 1 -1
2457 1 1
2458 1 -3
2459 1 2
2461 1 2
2462 1 3
2463 1 3
2464 1 2
2465 1 -3
2466 1 -1
2467 1 2
2468 1 3
2469 1 -1
2470 1 -2
2472 1 1
2473 1 -3
2474 1 3
2475 1 2
2476 1 -2
2477 1 -3
2478 1 -3
2479 1 -1
2480 1 -3
2481 1 -1
2482 1 -1
2483 1 1
2484 1 3
2486 1 -3
2487 1 1
2488 1 -3
2489 1 1
2490 1 -2.0003
2491 1 -3.0075
2492 1 -2.0127
2493 1 -1.0149
2494 1 -1.0146
2495 1 0.98583
2496 1 0.97995
2497 1 1.9797
2498 1 -2.0148
2499 1 1.985
2500 1 -3.0221
2501 1 2.9747
2502 1 2.9803
2503 1 -3.0243
2504 1 0.9792
2505 1 -0.016678
2506 1 -3.0222
2507 1 -1.0294
2508 1 2.9749
2509 1 -3.0175
2510 1 2.9832
2511 1 0.97731
2512 1 0.97559
2513 1 2.9817
2514 1 -1.0206
2515 1 1.9813
2516 1 2.9964
2517 1 0.99997
2518 1 3
2519 1 -3
2520 1 -1
2522 1 -1
2523 1 -2
2524 1 -1
2525 1 -3
2526 1 -3
2527 1 -3
2528 1 -1
2529 1 -3
2530 1 -2
2531 1 1
2533 1 -3
2534 1 3
2535 1 2
2536 1 1
2537 1 -3
2538 1 1
2539 1 3
2540 1 -3
2541 1 1
2542 1 -2
2543 1 -1
2544 1 1
2545 1 -3
2546 1 -3
2547 1 -1
2548 1 1
2549 1 -3
2550 1 1
2551 1 3
2552 1 -3
2553 1 -2.0039
2554 1 -0.012689
2555 1 -0.013882
2556 1 -0.012382
2557 1 -1.0156
2558 1 -3.0267
2559 1 0.97994
2560 1 2.9853
2561 1 0.98248
2562 1 1.9831
2563 1 -1.0149
2564 1 -0.019152
2565 1 0.98318
2566 1 -2.0152
2567 1 -2.0147
2568 1 0.97968
2569 1 -0.022096
2570 1 -2.0194
2571 1 -1.0193
2572 1 2.9814
2573 1 -0.018779
2574 1 -2.0206
2575 1 0.97889
2576 1 0.9791
2577 1 1.9891
2578 1 -1.0011
2579 1 2
2580 1 3
2581 1 -3
2582 1 -3
2584 1 1
2586 1 -3
2587 1 3
2588 1 2
2589 1 2
2590 1 -3
2591 1 3
2592 1 -2
2593 1 3
2594 1 -1
2596 1 -2
2597 1 2
2598 1 -1
2599 1 -3
2601 1 -1
2602 1 2
2603 1 2
2604 1 -3
2605 1 3
2606 1 -2
2607 1 1
2608 1 -1
2609 1 -2
2610 1 1
2611 1 -2
2612 1 3
2613 1 2
2614 1 1
2615 1 -1.0002
2616 1 2.9931
2617 1 1.9885
2618 1 -1.0141
2619 1 -0.01488
2620 1 -3.0142
2621 1 -2.0156
2622 1 -3.0291
2623 1 0.97609
2624 1 -2.0167
2625 1 -2.0161
2626 1 -0.015299
2627 1 1.9826
2628 1 -2.0176
2629 1 0.97749
2630 1 1.9735
2631 1 -0.019614
2632 1 -3.0179
2633 1 -0.019812
2634 1 -1.0183
2635 1 -3.0204
2636 1 -0.019731
2637 1 -0.020842
2638 1 -0.019067
2639 1 -3.0048
2640 1 -1.0002
2641 1 3
2642 1 -3
2643 1 -3
2644 1 -3
2645 1 3
2647 1 -2
2648 1 3
2649 1 -3
2650 1 3
2651 1 -3
2654 1 -2
2655 1 -2
2656 1 2
2657 1 2
2658 1 -2
2660 1 -1
2661 1 2
2662 1 2
2664 1 2
2666 1 2
2667 1 2
2668 1 2
2669 1 3
2670 1 1
2671 1 2
2672 1 -3
2673 1 -3
2674 1 2
2675 1 -2
2676 1 1
2678 1 1.9996
2679 1 2.9911
2680 1 -0.016037
2681 1 -1.0164
2682 1 -0.015144
2683 1 -3.0169
2684 1 2.9776
2685 1 2.9835
2686 1 0.98166
2687 1 -1.018
2688 1 -1.0163
2689 1 2.9834
2690 1 1.9841
2691 1 -3.0251
2692 1 -2.0261
2693 1 -2.021
2694 1 1.9807
2695 1 -3.0264
2696 1 2.9705
2697 1 -2.02
2698 1 -0.02003
2699 1 1.9808
2700 1 -3.0074
2701 1 2.9992
2702 1 -2
2703 1 2
2705 1 2
2706 1 -1
2707 1 3
2708 1 2
2709 1 -1
2710 1 2
2711 1 -3
2712 1 3
2713 1 -2
2714 1 3
2715 1 1
2716 1 3
2717 1 2
2718 1 1
2719 1 3
2720 1 1
2721 1 2
2722 1 1
2723 1 3
2724 1 2
2725 1 1
2728 1 -3
2729 1 1
2730 1 -1
2731 1 -2
2732 1 -1
2733 1 -2
2734 1 -3
2735 1 3
2736 1 3
2737 1 -3
2738 1 3
2739 1 3
2740 1 -2
2741 1 2.9983
2742 1 1.9906
2743 1 -3.0137
2744 1 -2.0162
2745 1 0.98006
2746 1 -3.0259
2747 1 -1.0218
2748 1 -2.0192
2749 1 -3.0153
2750 1 0.98295
2751 1 -0.018593
2752 1 -2.0227
2753 1 -2.0183
2754 1 -3.0212
2755 1 1.9791
2756 1 0.97834
2757 1 -0.026303
2758 1 -1.0212
2759 1 -3.0222
2760 1 2.9817
2761 1 -2.0083
2762 1 -1.0009
2763 1 -1
2764 1 3
2765 1 1
2766 1 -3
2767 1 2
2768 1 1
2769 1 2
2770 1 3
2771 1 -2
2772 1 3
2773 1 -2
2774 1 -3
2775 1 1
2778 1 2
2779 1 -1
2780 1 2
2781 1 -2
2782 1 1
2783 1 -3
2784 1 -2
2785 1 1
2786 1 1
2787 1 1
2788 1 -1
2789 1 2
2790 1 3
2792 1 -1
2793 1 3
2794 1 -3
2795 1 3
2796 1 2
2797 1 2
2798 1 2
2799 1 -1
2800 1 -3
2801 1 1
2802 1 -1
2803 1 -3
2804 1 -3.0007
2805 1 -0.0066378
2806 1 -0.013093
2807 1 -2.0333
2808 1 -0.046752
2809 1 1.9706
2810 1 -1.0146
2811 1 -3.0196
2812 1 -3.0187
2813 1 -0.017734
2814 1 1.9841
2815 1 1.9833
2816 1 -3.0212
2817 1 -0.023102
2818 1 -2.0187
2819 1 -0.016728
2820 1 1.9803
2821 1 -3.017
2822 1 1.9972
2823 1 -0.00088556
2824 1 0.99993
2825 1 -1
2826 1 1
2828 1 -3
2829 1 1
2830 1 2
2832 1 -3
2833 1 -1
2834 1 -1
2835 1 -3
2836 1 3
2837 1 -2
2838 1 -1
2839 1 -1
2840 1 -1
2841 1 3
2842 1 -2
2843 1 2
2844 1 1
2845 1 -2
2846 1 2
2847 1 3
2848 1 2
2849 1 1
2850 1 -2
2851 1 -2
2852 1 -3
2853 1 -2
2854 1 -2
2855 1 -3
2856 1 -2
2858 1 2
2859 1 3
2860 1 -3
2861 1 -1
2862 1 1
2863 1 3
2865 1 1
2866 1 -2
2867 1 -1.0004
2868 1 -1.0053
2869 1 -0.025246
2870 1 -3.0343
2871 1 2.9753
2872 1 0.98181
2873 1 2.9834
2874 1 -2.0164
2875 1 -0.014682
2876 1 -1.0147
2877 1 -3.0178
2878 1 -3.0186
2879 1 -3.0178
2880 1 2.9815
2881 1 -1.0178
2882 1 -1.0058
2883 1 -3.0007
2884 1 -3.0008
2885 1 1
2886 1 -2
2887 1 -2
2889 1 -3
2890 1 2
2892 1 -1
2893 1 2
2894 1 -2
2895 1 -3
2900 1 2
2901 1 -2
2902 1 3
2904 1 -3
2905 1 1
2907 1 2
2908 1 -1
2909 1 3
2911 1 1
2913 1 1
2914 1 -3
2915 1 3
2916 1 -1
2917 1 -3
2918 1 1
2920 1 1
2921 1 -3
2922 1 1
2923 1 -2
2924 1 1
2925 1 3
2926 1 1
2927 1 -1
2928 1 2
2929 1 -2
2930 1 -1
2931 1 2.9987
2932 1 -3.0059
2933 1 2.9875
2934 1 -3.0149
2935 1 1.9827
2936 1 -2.0158
2937 1 2.9831
2938 1 0.98352
2939 1 -1.0156
2940 1 -1.0157
2941 1 -0.012969
2942 1 -1.0057
2943 1 2.9995
2944 1 -0.00071078
2945 1 -2
2947 1 3
2948 1 -3
2949 1 2
2950 1 1
2951 1 3
2952 1 3
2953 1 -3
2954 1 -3
2955 1 -1
2956 1 1
2957 1 -2
2958 1 3
2960 1 -3
2962 1 -3
2963 1 -3
2965 1 -3
2966 1 2
2967 1 -1
2968 1 -3
2969 1 -2
2970 1 1
2971 1 -2
2972 1 3
2973 1 3
2974 1 -2
2975 1 -1
2976 1 2
2977 1 -3
2978 1 -2
2979 1 -1
2980 1 2
2981 1 -3
2982 1 3
2983 1 2
2984 1 1
2985 1 -3
2986 1 3
2987 1 -1
2988 1 -2
2989 1 -2
2991 1 1
2992 1 -3
2993 1 1
2994 1 3
2995 1 1.9995
2996 1 0.99874
2997 1 -0.00268
2998 1 1.9955
2999 1 0.99358
3000 1 -0.0054182
3001 1 2.9987
3002 1 -3.0002
3003 1 2.9998
3004 1 -0.00029519
3005 1 -1.0001
3006 1 -1
3007 1 -1
3008 1 3
3009 1 -1
3010 1 3
3011 1 2
3014 1 -3
3015 1 2
3017 1 1
3018 1 2
3019 1 1
3020 1 1
3021 1 -2
3022 1 1
3023 1 -3
3024 1 -3
3025 1 2
3026 1 1
3027 1 -3
3028 1 1
3029 1 -1
3030 1 2
3031 1 -1
3032 1 3
3033 1 3
3034 1 -2
3035 1 -3
3036 1 3
3037 1 -2
3039 1 -3
3040 1 -2
3041 1 2
3042 1 -2
3043 1 2
3044 1 -3
3045 1 2
3046 1 -1
3047 1 3
3048 1 1
3049 1 -2
3050 1 3
3051 1 1
3052 1 -3
3053 1 -1
3054 1 -2
3055 1 -3
3056 1 -3
3057 1 -1
3058 1 -1
3059 1 1
3060 1 1
3061 1 -1
3062 1 1.9999
3063 1 -1.0001
3064 1 1
3065 1 2
3066 1 -1
3067 1 -2
3068 1 -2
3069 1 -1
3070 1 -2
3071 1 1
3072 1 1
3073 1 -2
3074 1 1
3075 1 -1
3076 1 3
3077 1 -3
3079 1 1
3080 1 -1
3081 1 2
3082 1 2
3083 1 -1
3085 1 -1
3086 1 -3
3087 1 3
3089 1 2
3090 1 1
3091 1 2
3092 1 3
3093 1 -1
3094 1 -3
3095 1 1
3096 1 -2
3097 1 -3
3098 1 2
3099 1 -3
3100 1 1
3101 1 2
3102 1 3
3103 1 1
3104 1 -2
3106 1 -1
3108 1 1
3109 1 -2
3110 1 -3
3111 1 -2
3112 1 -3
3113 1 -1
3114 1 3
3115 1 3
3116 1 -2
3117 1 3
3119 1 1
3120 1 -1
3121 1 -2
3122 1 2
3123 1 -2
3124 1 -3
3126 1 2
3127 1 -3
3129 1 -2
3130 1 -2
3131 1 3
3132 1 -1
3133 1 2
3134 1 -1
3135 1 -1
3136 1 3
3137 1 3
3138 1 1
3139 1 -2
3140 1 1
3143 1 2
3144 1 1
3145 1 2
3146 1 2
3147 1 3
3149 1 -1
3152 1 3
3153 1 -2
3154 1 -1
3155 1 -3
3156 1 -3
3157 1 3
3158 1 -2
3159 1 1
3160 1 2
3161 1 3
3162 1 3
3164 1 -2
3165 1 -2
3166 1 -3
3167 1 -3
3168 1 3
3169 1 -3
3170 1 -3
3171 1 -1
3172 1 2
3173 1 3
3174 1 -2
3175 1 -3
3176 1 3
3178 1 2
3179 1 -1
3180 1 1
3181 1 2
3182 1 1
3184 1 -2
3185 1 3
3186 1 -2
3187 1 -3
3188 1 -2
3189 1 1
3190 1 -3
3191 1 2
3192 1 -2
3193 1 2
3194 1 -2
3195 1 3
3196 1 -1
3197 1 -3
3198 1 2
3199 1 1
3200 1 -1
3201 1 2
3202 1 -1
3203 1 3
3204 1 -1
3206 1 -3
3207 1 2
3208 1 2
3209 1 -1
3210 1 1
3211 1 2
3212 1 -3
3213 1 -2
3214 1 -2
3215 1 -3
3216 1 1
3217 1 -3
3218 1 2
3219 1 -1
3220 1 1
3222 1 -1
3223 1 2
3225 1 -1
3226 1 -1
3227 1 3
3228 1 -1
3230 1 1
3232 1 1
3234 1 -3
3235 1 -2
3236 1 2
3237 1 2
3238 1 3
3239 1 -3
3240 1 -1
3241 1 2
3242 1 -2
3243 1 1
3244 1 -1
3245 1 3
3246 1 2
3247 1 -2
3248 1 3
3249 1 3
3250 1 -3
3251 1 2
3252 1 -2
3253 1 -1
3254 1 3
3255 1 2
3256 1 3
3257 1 -2
3258 1 3
3259 1 -1
3260 1 2
3261 1 2
3262 1 -2
3263 1 -1
3264 1 -1
3265 1 -2
3266 1 -1
3268 1 3
3269 1 3
3270 1 2
3271 1 1
3272 1 -2
3274 1 -2
3276 1 -3
3277 1 -1
3278 1 -1
3282 1 2
3283 1 -2
3284 1 -1
3285 1 2
3287 1 -2
3288 1 -3
3290 1 2
3291 1 -3
3292 1 2
3293 1 -2
3295 1 -2
3297 1 -2
3298 1 2
3299 1 -2
3300 1 -1
3301 1 -1
3302 1 2
3304 1 -3
3306 1 3
3307 1 1
3308 1 -3
3309 1 2
3311 1 2
3313 1 -1
3314 1 -2
3315 1 -3
3316 1 2
3317 1 -3
3318 1 -1
3319 1 -3
3320 1 -3
3321 1 1
3322 1 2
3324 1 3
3325 1 1
3326 1 -1
3327 1 1
3328 1 -2
3329 1 -2
3330 1 -3
3331 1 1
3332 1 3
3333 1 3
3334 1 3
3335 1 -2
3336 1 2
3337 1 -2
3338 1 -3
3339 1 -1
3341 1 1
3342 1 3
3343 1 1
3344 1 2
3345 1 -2
3346 1 -2
3347 1 -1
3348 1 -2
3349 1 3
3350 1 2
3351 1 2
3352 1 -3
3353 1 -2
3354 1 -2
3355 1 1
3356 1 -3
3357 1 1
3358 1 1
3359 1 -1
3360 1 3
3361 1 -1
3362 1 2
3363 1 -3
3366 1 -3
3367 1 1
3368 1 3
3369 1 3
3370 1 -1
3371 1 -2
3372 1 -3
3373 1 -2
3374 1 -2
3376 1 -2
3378 1 3
3379 1 -2
3380 1 -3
3381 1 2
3382 1 -3
3384 1 3
3385 1 3
3386 1 1
3387 1 -2
3389 1 1
3390 1 -2
3391 1 2
3392 1 3
3394 1 -1
3395 1 2
3397 1 1
3398 1 -3
3399 1 -1
3400 1 -1
3401 1 -1
3402 1 -1
3403 1 1
3404 1 -1
3406 1 -2
3407 1 -2
3408 1 -1
3409 1 -1
3411 1 -3
3412 1 -2
3414 1 3
3415 1 1
3416 1 -3
3417 1 2
3418 1 -1
3419 1 -1
3420 1 -3
3421 1 -3
3422 1 -3
3424 1 -3
3425 1 1
3426 1 -3
3428 1 3
3429 1 -2
3430 1 -3
3432 1 -2
3433 1 -1
3434 1 1
3435 1 -3
3436 1 -1
3437 1 2
3438 1 2
3439 1 -3
3442 1 -3
3444 1 -2
3445 1 -2
3446 1 1
3447 1 -2
3448 1 -1
3449 1 3
3450 1 3
3451 1 2
3452 1 1
3453 1 3
3454 1 -3
3455 1 2
3456 1 3
3458 1 2
3459 1 -2
3461 1 -1
3462 1 2
3463 1 -3
3464 1 -1
3465 1 1
3466 1 2
3468 1 -3
3469 1 -3
3470 1 -2
3471 1 3
3472 1 -1
3475 1 -1
3476 1 1
3477 1 -2
3478 1 1
3479 1 -2
3480 1 2
3481 1 2
3482 1 2
3483 1 1
3484 1 3
3485 1 -2
3486 1 1
3487 1 -1
3488 1 1
3489 1 -2
3490 1 2
3493 1 1
3494 1 -1
3495 1 1
3496 1 -3
3497 1 2
3498 1 -2
3501 1 -3
3502 1 1
3503 1 2
3504 1 2
3505 1 3
3506 1 -3
3507 1 -3
3508 1 1
3509 1 -1
3510 1 -2
3511 1 -2
3512 1 1
3513 1 -2
3514 1 2
3516 1 -3
3517 1 -2
3518 1 1
3519 1 3
3520 1 3
3521 1 -2
3523 1 1
3524 1 1
3525 1 -2
3526 1 -3
3527 1 -2
3528 1 1
3529 1 1
3530 1 3
3531 1 1
3532 1 -2
3533 1 2
3534 1 3
3535 1 1
3536 1 1
3538 1 2
3539 1 -1
3540 1 1
3541 1 2
3542 1 -3
3543 1 -3
3544 1 3
3546 1 -1
3550 1 -1
3551 1 -3
3552 1 -3
3553 1 -3
3554 1 -2
3555 1 1
3556 1 2
3557 1 1
3558 1 -2
3559 1 -3
3560 1 -2
3561 1 -2
3562 1 3
3563 1 -1
3564 1 1
3565 1 -2
3566 1 3
3567 1 3
3568 1 -3
3570 1 1
3571 1 -2
3572 1 -2
3573 1 -3
3575 1 -3
3576 1 2
3577 1 3
3578 1 1
3581 1 -1
3582 1 -2
3583 1 -3
3585 1 -3
3586 1 -1
3587 1 2
3588 1 -3
3589 1 -2
3590 1 2
3591 1 1
3592 1 1
3593 1 -3
3594 1 2
3595 1 1
3596 1 -1
3597 1 1
3598 1 3
3599 1 -3
3600 1 -2
3601 1 2
3602 1 -1
3603 1 -1
3604 1 -3
3606 1 3
3607 1 2
3608 1 3
3609 1 -1
3610 1 -1
3611 1 2
3612 1 -2
3613 1 3
3614 1 2
3615 1 2
3616 1 -1
3617 1 -3
3618 1 -2
3619 1 -3
3620 1 -3
3621 1 -3
3622 1 1
3623 1 1
3626 1 -1
3627 1 1
3628 1 1
3629 1 2
3630 1 1
3631 1 -1
3632 1 3
3633 1 -1
3634 1 3
3635 1 -1
3636 1 -1
3637 1 -3
3639 1 3
3640 1 3
3643 1 2
3645 1 -3
3646 1 1
3647 1 -2
3648 1 -2
3649 1 -3
3650 1 1
3651 1 1
3653 1 2
3654 1 -3
3655 1 2
3656 1 1
3657 1 1
3658 1 -1
3659 1 1
3660 1 -3
3661 1 3
3662 1 -3
3663 1 2
3665 1 -2
3666 1 2
3667 1 1
3668 1 2
3669 1 -1
3670 1 1
3671 1 -1
3672 1 -3
3674 1 2
3675 1 -2
3676 1 -2
3677 1 -2
3678 1 3
3679 1 -2
3680 1 2
3681 1 1
3682 1 3
3683 1 -3
3684 1 2
3685 1 3
3687 1 1
3688 1 -3
3689 1 2
3690 1 2
3691 1 -1
3692 1 -3
3693 1 1
3694 1 1
3695 1 3
3696 1 -3
3697 1 -3
3698 1 2
3699 1 -2
3701 1 -2
3702 1 3
3703 1 -1
3704 1 1
3706 1 -2
3707 1 -3
3708 1 1
3709 1 -3
3710 1 -3
3711 1 -3
3712 1 1
3714 1 -3
3715 1 1
3716 1 3
3717 1 1
3719 1 3
3720 1 -2
3721 1 -1
3722 1 2
3723 1 2
3724 1 -2
3725 1 -2
3727 1 3
3728 1 3
3729 1 -2
3730 1 1
3731 1 -2
3732 1 1
3733 1 2
3734 1 -1
3735 1 -3
3737 1 3
3738 1 -1
3739 1 1
3741 1 2
3742 1 -1
3744 1 3
3745 1 1
3746 1 -3
3747 1 -2
3748 1 -3
3749 1 2
3750 1 2
3751 1 -1
3752 1 -1
3753 1 1
3754 1 3
3755 1 -1
3756 1 2
3758 1 2
3759 1 -3
3761 1 -2
3762 1 1
3763 1 3
3764 1 3
3765 1 2
3766 1 -3
3767 1 1
3768 1 -3
3769 1 2
3770 1 2
3771 1 -2
3772 1 -2
3773 1 -3
3774 1 2
3775 1 1
3776 1 -2
3778 1 2
3779 1 3
3782 1 -1
3783 1 2
3784 1 -2
3785 1 -1
3786 1 -2
3787 1 -2
3788 1 1
3789 1 3
3790 1 -2
3791 1 2
3792 1 -1
3793 1 3
3794 1 2
3795 1 3
3796 1 3
3797 1 2
3798 1 3
3799 1 1
3800 1 -3
3801 1 -2
3802 1 2
3803 1 2
3804 1 2
3805 1 -2
3806 1 -1
3807 1 -2
3808 1 -3
3809 1 3
3810 1 1
3811 1 2
3812 1 -1
3813 1 -3
3814 1 -3
3815 1 -3
3817 1 -1
3818 1 1
3820 1 -3
3821 1 2
3822 1 -1
3823 1 3
3824 1 -1
3825 1 3
3826 1 1
3827 1 -3
3829 1 2
3830 1 -2
3831 1 -3
3832 1 1
3833 1 1
3834 1 3
3836 1 -3
3837 1 -2
3838 1 -3
3839 1 -2
3840 1 -3
3841 1 3
3843 1 -2
3844 1 -1
1 2 1
2 2 -2
3 2 3
5 2 -1
6 2 -1
7 2 3
8 2 -1
9 2 3
10 2 3
11 2 1
12 2 1
14 2 2
15 2 3
16 2 1
17 2 -1
19 2 -1
20 2 -1
21 2 -2
23 2 -3
24 2 2
25 2 3
26 2 -1
27 2 2
28 2 2
29 2 -2
30 2 -3
31 2 -3
32 2 3
33 2 -1
34 2 2
35 2 3
36 2 3
37 2 3
38 2 -1
40 2 1
41 2 1
42 2 -1
43 2 2
45 2 2
46 2 -2
47 2 2
48 2 -3
49 2 1
50 2 -1
51 2 -1
52 2 2
53 2 -2
54 2 -3
55 2 2
57 2 -2
58 2 3
61 2 2
63 2 -1
64 2 1
66 2 1
67 2 -1
68 2 -2
69 2 -1
70 2 -1
71 2 -1
72 2 -1
73 2 1
74 2 3
75 2 -1
76 2 2
77 2 -1
78 2 -2
79 2 -2
81 2 3
82 2 1
84 2 -2
86 2 3
87 2 2
88 2 2
89 2 -1
90 2 3
91 2 -1
92 2 -3
93 2 1
94 2 -1
95 2 -3
96 2 1
97 2 3
98 2 1
99 2 -3
100 2 -2
101 2 1
102 2 -3
103 2 2
104 2 -1
105 2 -3
106 2 1
107 2 -1
108 2 -3
109 2 3
111 2 -1
112 2 2
113 2 1
114 2 3
115 2 -2
116 2 3
118 2 3
119 2 -1
121 2 -1
123 2 3
124 2 -3
125 2 3
127 2 1
129 2 3
130 2 3
131 2 2
132 2 -1
133 2 1
136 2 -3
137 2 1
138 2 3
139 2 -2
141 2 -1
142 2 -3
143 2 -3
144 2 1
145 2 -1
146 2 1
148 2 1
149 2 -2
150 2 -1
151 2 3
152 2 3
153 2 3
155 2 -3
159 2 3
161 2 1
163 2 2
164 2 3
165 2 -3
167 2 2
168 2 2
169 2 3
170 2 1
171 2 -1
172 2 -2
173 2 -1
174 2 1
175 2 1
176 2 2
177 2 -2
178 2 -3
179 2 1
182 2 1
183 2 2
184 2 -2
186 2 -3
188 2 -1
189 2 1
190 2 -2
191 2 1
192 2 -1
193 2 1
194 2 -3
196 2 -1
197 2 -1
198 2 -2
199 2 -3
200 2 -1
201 2 -1
203 2 -1
205 2 -3
206 2 -3
207 2 -2
208 2 -3
209 2 2
210 2 -2
211 2 1
212 2 2
213 2 2
214 2 -1
215 2 1
218 2 -2
219 2 1
220 2 -2
221 2 -2
222 2 3
223 2 3
224 2 -2
225 2 2
226 2 1
227 2 1
228 2 2
229 2 -3
230 2 -1
232 2 1
233 2 3
234 2 -3
235 2 -2
236 2 3
237 2 2
238 2 -3
239 2 1
240 2 3
242 2 -1
243 2 1
244 2 1
246 2 3
247 2 3
248 2 -2
249 2 -1
250 2 3
251 2 3
252 2 -2
253 2 3
254 2 -3
255 2 2
256 2 2
257 2 1
258 2 -3
260 2 2
261 2 -3
262 2 -3
263 2 -2
264 2 1
266 2 -2
267 2 -1
268 2 1
269 2 -1
270 2 2
271 2 -1
272 2 -3
273 2 2
274 2 -2
275 2 3
277 2 1
278 2 2
279 2 3
280 2 -3
281 2 -3
282 2 -2
283 2 2
284 2 2
285 2 -3
287 2 1
288 2 2
289 2 -1
290 2 1
291 2 2
292 2 3
293 2 -1
295 2 3
296 2 -2
297 2 1
298 2 -3
299 2 -3
301 2 -1
302 2 1
303 2 -2
304 2 -3
305 2 1
306 2 1
307 2 -3
308 2 -3
309 2 -1
310 2 -1
311 2 -3
313 2 -3
314 2 1
315 2 1
316 2 -1
317 2 -3
318 2 -2
320 2 3
321 2 -2
322 2 -3
323 2 -2
324 2 -2
325 2 2
326 2 3
327 2 -1
328 2 2
329 2 -2
330 2 -2
331 2 -2
332 2 -1
333 2 -2
334 2 -2
335 2 -1
336 2 3
339 2 3
340 2 -3
342 2 1
343 2 3
344 2 3
345 2 3
346 2 -2
347 2 -2
348 2 -2
350 2 -3
351 2 -1
352 2 -1
353 2 -1
355 2 -2
356 2 -2
357 2 -3
358 2 1
360 2 -3
361 2 -1
362 2 -2
363 2 2
364 2 3
365 2 1
366 2 -1
367 2 1
369 2 3
370 2 -3
372 2 -1
374 2 2
376 2 -1
377 2 2
378 2 -1
379 2 -1
380 2 3
381 2 -2
383 2 -3
384 2 -1
385 2 -1
386 2 -2
387 2 2
388 2 2
389 2 1
390 2 -1
391 2 -2
392 2 -1
393 2 2
394 2 -2
395 2 1
397 2 3
398 2 -3
399 2 -1
400 2 -2
401 2 3
402 2 -3
403 2 -2
404 2 -3
405 2 2
406 2 -1
408 2 3
409 2 -2
410 2 1
411 2 3
412 2 1
413 2 1
415 2 3
416 2 3
417 2 3
419 2 3
420 2 1
421 2 -2
422 2 -2
423 2 -2
425 2 -2
426 2 -2
427 2 2
428 2 -3
429 2 -1
430 2 -2
431 2 1
432 2 -3
433 2 -1
434 2 1
435 2 -3
437 2 2
439 2 1
440 2 -2
441 2 -1
442 2 1
443 2 3
445 2 3
446 2 -2
447 2 1
448 2 2
449 2 -3
450 2 3
452 2 2
454 2 -2
455 2 -2
456 2 -2
457 2 2
458 2 -2
459 2 -1
460 2 3
461 2 1
462 2 2
463 2 -3
464 2 -3
465 2 1
466 2 -2
467 2 1
468 2 1
469 2 -2
470 2 -2
471 2 -1
474 2 -3
475 2 -2
478 2 3
479 2 -3
480 2 -3
481 2 -2
483 2 2
484 2 -2
485 2 3
486 2 1
487 2 2
489 2 2
491 2 3
493 2 2
494 2 1
495 2 -2
496 2 3
497 2 -2
498 2 -1
499 2 -2
500 2 3
501 2 2
502 2 1
503 2 2
504 2 -3
505 2 -2
506 2 -1
508 2 -2
509 2 3
510 2 -3
511 2 3
512 2 1
513 2 -3
514 2 -3
515 2 3
516 2 3
517 2 -3
519 2 -1
520 2 -1
522 2 -2
523 2 -1
525 2 -1
526 2 3
527 2 -2
528 2 -3
529 2 -2
531 2 -2
533 2 -3
534 2 -2
535 2 -3
536 2 2
537 2 1
538 2 -3
539 2 -2
540 2 3
541 2 -1
542 2 -2
543 2 -1
544 2 -2
545 2 -2
546 2 -2
547 2 -3
548 2 -2
549 2 -3
550 2 1
551 2 -2
552 2 -2
553 2 3
554 2 -2
555 2 1
556 2 -1
557 2 -2
559 2 1
560 2 -3
561 2 2
563 2 -2
564 2 -2
565 2 2
569 2 3
570 2 3
571 2 3
573 2 1
575 2 3
576 2 2
577 2 -2
578 2 -1
581 2 1
582 2 -1
583 2 3
584 2 1
585 2 -1
587 2 2
588 2 2
589 2 3
590 2 -2
591 2 1
594 2 -1
595 2 -2
596 2 -1
598 2 2
599 2 -3
600 2 2
601 2 -3
602 2 -1
603 2 -2
604 2 -1
605 2 -2
606 2 2
607 2 3
608 2 1
609 2 2
611 2 1
612 2 2
614 2 1
615 2 2
616 2 1
617 2 -3
618 2 3
619 2 -1
620 2 -3
621 2 1
622 2 3
623 2 3
624 2 3
625 2 3
626 2 -1
627 2 1
628 2 -2
630 2 3
631 2 3
633 2 1
635 2 1
636 2 3
637 2 1
638 2 3
639 2 -2
640 2 3
641 2 -1
642 2 3
644 2 1
645 2 -2
646 2 -2
647 2 1
649 2 3
650 2 3
651 2 -1
653 2 3
654 2 -2
655 2 2
656 2 2
657 2 2
658 2 -1
659 2 -3
660 2 2
661 2 -2
662 2 3
663 2 1
664 2 -1
665 2 3
666 2 -2
668 2 1
669 2 -3
671 2 -1
672 2 -2
673 2 -1
674 2 3
675 2 -2
676 2 -1
677 2 -2
678 2 2
679 2 1
680 2 2
681 2 1
682 2 -2
683 2 -1
684 2 -2
685 2 3
686 2 -1
687 2 3
688 2 -3
689 2 3
690 2 1
691 2 1
692 2 -2
693 2 2
694 2 -1
695 2 2
696 2 1
697 2 2
699 2 -2
700 2 -1
701 2 2
702 2 3
703 2 0.99999
704 2 3
705 2 -2
706 2 3
707 2 0.99999
708 2 -1
709 2 2
710 2 3
711 2 -1
712 2 -1
713 2 1
714 2 3
715 2 3
716 2 -3
717 2 3
718 2 1
719 2 -1
721 2 2
722 2 1
723 2 -2
724 2 -3
726 2 -3
727 2 1
728 2 3
729 2 1
730 2 -2
731 2 1
732 2 -1
734 2 -1
735 2 2
736 2 3
737 2 1
738 2 -2
739 2 1
740 2 -2
741 2 2
742 2 2
744 2 -1
745 2 3
746 2 3
747 2 -1
748 2 1
749 2 1
750 2 -3
752 2 -3
753 2 2
754 2 -1
756 2 2
757 2 2
758 2 1
759 2 -1
760 2 -3
761 2 1
762 2 -3
763 2 -1.0002
764 2 2.999
765 2 -1.0032
766 2 2.9957
767 2 0.99608
768 2 1.9961
769 2 -1.0027
770 2 1.9973
771 2 0.99817
772 2 2.9995
773 2 2
774 2 -3
775 2 -2
776 2 2
777 2 1
778 2 -1
779 2 -3
780 2 3
781 2 3
783 2 2
786 2 3
787 2 1
788 2 3
789 2 2
790 2 1
791 2 2
792 2 -2
793 2 -1
794 2 2
795 2 -2
796 2 3
797 2 -2
798 2 1
799 2 1
801 2 1
802 2 1
803 2 -3
804 2 -1
805 2 -3
806 2 -1
810 2 -2
811 2 2
812 2 3
813 2 -1
814 2 1
815 2 -3
816 2 3
817 2 -1
818 2 -2
819 2 2
821 2 1
822 2 -1.8545e-06
823 2 -1.0001
824 2 2.9979
825 2 1.9932
826 2 2.9919
827 2 -3.0088
828 2 -0.0076498
829 2 -0.0073661
830 2 1.9936
831 2 -0.0074792
832 2 -1.0075
833 2 -0.0071806
834 2 2.9939
835 2 2.9966
836 2 -1.0012
837 2 -3.709e-05
838 2 -3
839 2 1
840 2 -3
841 2 -3
842 2 -3
843 2 3
844 2 1
845 2 1
846 2 3
847 2 -2
848 2 -3
849 2 1
850 2 2
851 2 -3
852 2 1
853 2 -2
854 2 -1
855 2 3
856 2 2
857 2 2
860 2 2
861 2 -3
862 2 -2
863 2 -1
864 2 -3
865 2 -3
866 2 1
867 2 3
869 2 -2
870 2 1
871 2 3
872 2 1
873 2 -3
874 2 -1
875 2 -2
876 2 3
877 2 2
878 2 2
879 2 -2
881 2 1
882 2 1
883 2 0.99997
884 2 1.9989
885 2 -1.0054
886 2 -3.0082
887 2 -0.0080597
888 2 -2.008
889 2 2.9914
890 2 -3.0096
891 2 0.99249
892 2 -1.0076
893 2 -1.0105
894 2 -1.0103
895 2 -3.0103
896 2 -3.0087
897 2 -0.0081858
898 2 1.9923
899 2 -0.0035328
900 2 -0.0010793
901 2 2
902 2 -1
903 2 2
904 2 -3
905 2 -3
907 2 -3
908 2 -2
909 2 -1
910 2 2
911 2 2
912 2 1
913 2 1
914 2 2
915 2 -1
916 2 3
917 2 -3
918 2 -1
919 2 3
921 2 3
922 2 -2
923 2 -3
924 2 -2
925 2 -2
926 2 -3
927 2 3
928 2 2
929 2 1
930 2 -3
931 2 2
932 2 -3
933 2 -1
934 2 3
935 2 -2
936 2 3
937 2 3
939 2 -2
941 2 3
942 2 -2
943 2 -1
944 2 -9.6434e-05
945 2 -2.0033
946 2 -3.0082
947 2 0.99183
948 2 -2.0094
949 2 2.9905
950 2 -1.0073
951 2 -1.0079
952 2 1.9923
953 2 -3.0174
954 2 -1.021
955 2 0.98665
956 2 -2.0103
957 2 1.9902
958 2 -1.0085
959 2 -2.009
960 2 -0.0093615
961 2 1.9912
962 2 -3.0059
963 2 -0.0016116
964 2 -2.5963e-05
965 2 -3
966 2 -2
968 2 2
969 2 3
970 2 -1
971 2 1
972 2 -3
973 2 3
974 2 -2
975 2 -2
976 2 2
977 2 3
978 2 -2
980 2 3
982 2 2
983 2 -1
984 2 -3
985 2 -3
987 2 1
988 2 2
990 2 -1
991 2 -3
992 2 -2
993 2 -2
994 2 1
995 2 -3
996 2 -3
997 2 -2
998 2 -2
999 2 -3
1000 2 3
1001 2 1
1002 2 3
1003 2 -1
1004 2 3
1005 2 -2.0001
1006 2 0.99603
1007 2 0.99227
1008 2 -0.0078093
1009 2 -2.0077
1010 2 -3.0072
1011 2 -1.007
1012 2 -2.0069
1013 2 -2.0076
1014 2 -0.011604
1015 2 2.976
1016 2 -1.024
1017 2 -3.0184
1018 2 2.9882
1019 2 2.9903
1020 2 -1.0088
1021 2 0.98957
1022 2 -0.0094468
1023 2 -0.010597
1024 2 -0.010535
1025 2 1.9944
1026 2 -3.0008
1027 2 2
1028 2 -1
1029 2 -3
1030 2 -2
1031 2 -3
1032 2 2
1036 2 3
1037 2 1
1040 2 -2
1041 2 2
1042 2 -1
1043 2 2
1045 2 2
1047 2 1
1048 2 3
1049 2 -1
1050 2 -3
1052 2 -2
1053 2 -2
1054 2 2
1055 2 2
1056 2 -2
1057 2 -2
1058 2 -2
1059 2 -2
1060 2 1
1062 2 -3
1063 2 2
1064 2 1
1065 2 2
1066 2 -2.9672e-05
1067 2 2.9966
1068 2 -3.007
1069 2 0.99317
1070 2 -0.0094988
1071 2 -0.01043
1072 2 -2.0071
1073 2 1.9926
1074 2 -2.0081
1075 2 -2.013
1076 2 -2.0115
1077 2 2.9852
1078 2 -3.0195
1079 2 -1.019
1080 2 -2.0195
1081 2 0.9807
1082 2 -3.011
1083 2 -3.0105
1084 2 -1.01
1085 2 2.9891
1086 2 1.9912
1087 2 -0.0087291
1088 2 -3.0039
1089 2 -3.0004
1090 2 3
1091 2 3
1092 2 -1
1094 2 2
1095 2 1
1098 2 2
1099 2 -3
1100 2 2
1101 2 -3
1104 2 -1
1106 2 -3
1107 2 -2
1108 2 3
1109 2 3
1110 2 -2
1111 2 3
1113 2 2
1114 2 2
1115 2 -1
1116 2 -3
1117 2 -2
1118 2 -3
1119 2 -2
1120 2 -1
1122 2 2
1123 2 -2
1124 2 -1
1125 2 2
1126 2 -2
1127 2 2
1128 2 2.9977
1129 2 1.9931
1130 2 -0.0070304
1131 2 0.99277
1132 2 -2.0103
1133 2 0.99145
1134 2 -1.0083
1135 2 -0.0077444
1136 2 2.9926
1137 2 1.9872
1138 2 1.9905
1139 2 -2.0119
1140 2 0.98936
1141 2 -3.009
1142 2 0.98451
1143 2 2.9853
1144 2 -3.0103
1145 2 1.9912
1146 2 0.99142
1147 2 -0.0081876
1148 2 -2.0087
1149 2 -1.0092
1150 2 1.993
1151 2 -0.0017989
1154 2 3
1155 2 -3
1156 2 -1
1157 2 -3
1158 2 2
1159 2 1
1160 2 1
1161 2 -1
1164 2 2
1165 2 3
1166 2 3
1167 2 -3
1168 2 -1
1169 2 1
1170 2 -2
1171 2 -3
1172 2 2
1173 2 -2
1175 2 -1
1176 2 -2
1177 2 1
1178 2 -3
1179 2 1
1180 2 -1
1181 2 1
1183 2 3
1184 2 1
1185 2 -1
1186 2 -1
1189 2 1.9997
1190 2 2.9937
1191 2 -2.0072
1192 2 -0.0084658
1193 2 -1.0077
1194 2 0.99085
1195 2 2.9893
1196 2 0.99113
1197 2 -2.0076
1198 2 -0.0096545
1199 2 -3.0083
1200 2 -2.0081
1201 2 -3.0094
1202 2 -1.0097
1203 2 0.99183
1204 2 1.9909
1205 2 2.9881
1206 2 -2.0117
1207 2 0.99024
1208 2 -3.0097
1209 2 2.9917
1210 2 -1.0094
1211 2 1.9911
1212 2 -2.0087
1213 2 1.9965
1214 2 1.9999
1215 2 -1
1216 2 2
1217 2 -2
1218 2 -1
1219 2 -3
1220 2 2
1221 2 -2
1223 2 -3
1224 2 1
1225 2 1
1226 2 -1
1227 2 2
1228 2 -1
1230 2 2
1231 2 -3
1232 2 -2
1233 2 -3
1235 2 -3
1236 2 -3
1237 2 -3
1238 2 1
1239 2 -2
1240 2 2
1241 2 -3
1242 2 1
1243 2 -2
1244 2 3
1246 2 -1
1247 2 -3
1248 2 1
1250 2 -1
1251 2 -3.0036
1252 2 -0.0067856
1253 2 0.99219
1254 2 2.9913
1255 2 -3.0116
1256 2 -2.0111
1257 2 -0.0086624
1258 2 -2.0093
1259 2 -1.0082
1260 2 -1.0095
1261 2 0.99241
1262 2 -2.0077
1263 2 1.99
1264 2 -2.011
1265 2 -2.0082
1266 2 2.9907
1267 2 -3.014
1268 2 -3.0143
1269 2 1.9873
1270 2 -3.0103
1271 2 -0.010448
1272 2 -2.0113
1273 2 1.9907
1274 2 -2.0111
1275 2 2.9936
1276 2 -0.00048403
1279 2 2
1280 2 -1
1282 2 -1
1283 2 1
1284 2 -1
1285 2 -2
1287 2 3
1288 2 -3
1289 2 -3
1290 2 -1
1291 2 -3
1292 2 -1
1294 2 -3
1295 2 -3
1296 2 -3
1297 2 2
1298 2 2
1299 2 -3
1300 2 3
1301 2 2
1303 2 2
1304 2 1
1305 2 -2
1306 2 2
1308 2 -2
1309 2 -2
1310 2 3
1311 2 3
1312 2 -1.0002
1313 2 -2.0052
1314 2 2.9937
1315 2 -0.0070304
1316 2 2.9884
1317 2 0.98745
1318 2 -3.0099
1319 2 1.9862
1320 2 -2.0101
1321 2 -1.0084
1322 2 -0.0079688
1323 2 0.99204
1324 2 -3.0093
1325 2 1.9842
1326 2 -2.0169
1327 2 2.9909
1328 2 0.99114
1329 2 -0.012625
1330 2 2.9815
1331 2 0.98487
1332 2 -1.0117
1333 2 -2.0113
1334 2 1.9887
1335 2 -3.0112
1336 2 -2.012
1337 2 -1.0071
1338 2 -3.0005
1339 2 2
1340 2 2
1341 2 1
1343 2 -2
1345 2 3
1346 2 -1
1348 2 -2
1349 2 2
1350 2 -1
1351 2 3
1354 2 1
1355 2 -2
1356 2 -1
1357 2 -3
1358 2 -2
1359 2 -3
1360 2 -1
1361 2 1
1363 2 -1
1364 2 -3
1365 2 -1
1366 2 -1
1367 2 -2
1368 2 1
1369 2 3
1370 2 3
1372 2 -3
1373 2 1
1374 2 -1.0008
1375 2 -2.0053
1376 2 1.9921
1377 2 -3.0103
1378 2 1.989
1379 2 0.98824
1380 2 2.9809
1381 2 1.9799
1382 2 -2.0139
1383 2 0.99088
1384 2 -1.005
1385 2 -2.007
1386 2 -1.0106
1387 2 -1.0159
1388 2 1.9826
1389 2 -2.0303
1390 2 1.9769
1391 2 -2.0174
1392 2 -2.0181
1393 2 1.9859
1394 2 -2.0122
1395 2 -1.0095
1396 2 1.9907
1397 2 0.98963
1398 2 0.9887
1399 2 1.994
1400 2 2.9997
1401 2 -2
1402 2 -3
1403 2 3
1405 2 2
1406 2 -3
1407 2 -2
1409 2 1
1410 2 -3
1411 2 2
1412 2 -1
1413 2 -3
1414 2 -3
1415 2 -1
1416 2 3
1417 2 1
1418 2 1
1420 2 -1
1421 2 -3
1422 2 -2
1424 2 1
1425 2 -1
1426 2 2
1428 2 -2
1429 2 -2
1430 2 -2
1431 2 1
1432 2 -1
1433 2 1
1434 2 -2
1435 2 1
1436 2 0.99915
1437 2 -2.0067
1438 2 -1.0094
1439 2 -3.0102
1440 2 0.98993
1441 2 1.9833
1442 2 -3.016
1443 2 1.9856
1444 2 -2.01
1445 2 -1.0101
1446 2 1.9912
1447 2 0.99231
1448 2 2.9962
1449 2 0.99128
1450 2 2.9795
1451 2 0.96572
1452 2 0.97347
1453 2 1.9805
1454 2 -2.0109
1455 2 1.989
1456 2 -3.0096
1457 2 -3.0095
1458 2 -3.0099
1459 2 -2.0103
1460 2 -0.009929
1461 2 -2.0034
1462 2 2.9999
1463 2 1
1464 2 -1
1467 2 -2
1468 2 -1
1469 2 -1
1470 2 -2
1472 2 3
1473 2 -2
1474 2 -3
1475 2 -2
1476 2 2
1477 2 2
1479 2 -3
1480 2 2
1481 2 2
1482 2 2
1484 2 3
1485 2 -1
1486 2 -2
1487 2 1
1488 2 3
1491 2 -2
1492 2 1
1493 2 -3
1494 2 -3
1495 2 -2
1496 2 3
1497 2 3
1498 2 -0.0010793
1499 2 -2.0063
1500 2 1.9924
1501 2 2.9923
1502 2 0.98941
1503 2 -0.012937
1504 2 -0.014053
1505 2 0.99331
1506 2 -2.005
1507 2 -1.0049
1508 2 -2.0056
1509 2 -0.0061607
1510 2 -2.008
1511 2 0.99239
1512 2 -1.0064
1513 2 -0.014736
1514 2 1.9766
1515 2 1.9881
1516 2 0.98873
1517 2 1.991
1518 2 1.9915
1519 2 -2.0082
1520 2 0.99088
1521 2 -2.0102
1522 2 0.99287
1523 2 2.9991
1524 2 -1
1525 2 2
1528 2 -2
1529 2 1
1530 2 -3
1532 2 2
1534 2 1
1535 2 -2
1536 2 -3
1537 2 3
1540 2 1
1541 2 2
1544 2 3
1545 2 -1
1546 2 -1
1547 2 -3
1548 2 -3
1549 2 -2
1550 2 -2
1551 2 3
1552 2 -3
1553 2 3
1554 2 -3
1556 2 -2
1557 2 3
1558 2 -3
1560 2 -0.00010756
1561 2 -0.0048996
1562 2 2.9934
1563 2 -0.008336
1564 2 2.9917
1565 2 1.9923
1566 2 -1.0005
1567 2 -2.0002
1568 2 -2.9672e-05
1569 2 3
1570 2 -3
1571 2 1.9993
1572 2 2.9972
1573 2 0.9981
1574 2 -1.0019
1575 2 1.9956
1576 2 0.99156
1577 2 -1.0104
1578 2 1.9911
1579 2 -2.0095
1580 2 0.99069
1581 2 -0.0089461
1582 2 2.9913
1583 2 -2.0089
1584 2 0.99687
1585 2 -1.0003
1586 2 -2
1588 2 -2
1589 2 2
1590 2 3
1591 2 -2
1592 2 -1
1593 2 1
1594 2 -2
1595 2 2
1596 2 2
1597 2 3
1598 2 -3
1599 2 -2
1600 2 -1
1601 2 3
1603 2 2
1606 2 -3
1607 2 -3
1608 2 -2
1611 2 2
1612 2 -1
1613 2 2
1614 2 -2
1615 2 1
1616 2 -1
1617 2 1
1619 2 2
1620 2 3
1621 2 -1
1622 2 -1.0001
1623 2 -0.004449
1624 2 0.99324
1625 2 2.993
1626 2 -2.006
1627 2 -0.0038333
1628 2 1.9996
1629 2 1
1630 2 2
1631 2 -2
1632 2 2
1633 2 -1
1634 2 -2
1635 2 2.9998
1636 2 -1.0027
1637 2 0.99673
1638 2 1.99
1639 2 -2.0098
1640 2 0.99105
1641 2 -3.0096
1642 2 -1.0082
1643 2 -2.0084
1644 2 -2.0084
1645 2 0.99445
1646 2 0.99955
1647 2 1
1649 2 1
1650 2 3
1651 2 -2
1652 2 -3
1655 2 1
1656 2 -2
1660 2 1
1661 2 1
1662 2 -1
1663 2 2
1664 2 -3
1666 2 1
1668 2 -2
1670 2 3
1672 2 2
1673 2 -2
1674 2 3
1675 2 -1
1676 2 2
1677 2 -2
1679 2 1
1680 2 -1
1681 2 1
1682 2 2
1683 2 2
1684 2 2.9999
1685 2 0.99666
1686 2 1.994
1687 2 -3.0074
1688 2 -0.0075033
1689 2 -2.0014
1690 2 -1.0001
1692 2 -2
1693 2 3
1694 2 2
1695 2 -2
1697 2 -0.00016134
1698 2 -0.0026445
1699 2 -2.0038
1700 2 1.9904
1701 2 -2.0128
1702 2 -3.013
1703 2 0.98948
1704 2 -2.0088
1705 2 0.99219
1706 2 -2.004
1707 2 1.9996
1708 2 1.9999
1709 2 3
1710 2 2
1711 2 3
1712 2 -3
1713 2 -2
1714 2 -3
1715 2 -2
1716 2 1
1717 2 2
1718 2 2
1719 2 1
1720 2 2
1721 2 3
1722 2 -1.0002
1723 2 -2.0013
1724 2 -2.001
1725 2 1
1726 2 2
1727 2 -3
1728 2 2
1729 2 2
1730 2 2
1731 2 -2
1732 2 -1
1733 2 -2
1735 2 -3
1736 2 -2
1737 2 -1
1738 2 1
1739 2 -3
1740 2 1
1741 2 2
1742 2 -1
1743 2 -3
1744 2 -3
1746 2 0.99996
1747 2 -1.0027
1748 2 2.9944
1749 2 -1.0084
1750 2 -2.0057
1751 2 -2.0004
1753 2 2
1754 2 -2
1755 2 -3
1756 2 3
1757 2 2
1758 2 3
1759 2 -3.0001
1760 2 -3.0022
1761 2 2.9957
1762 2 2.9898
1763 2 -3.0138
1764 2 -2.0148
1765 2 2.9881
1766 2 -3.0042
1767 2 -3.0003
1768 2 -2.0003
1769 2 0.99993
1770 2 -1
1772 2 -1
1773 2 -3
1774 2 -3
1775 2 1
1776 2 -1
1778 2 -2
1779 2 -2
1780 2 -2
1781 2 2
1783 2 2.9999
1784 2 1.9978
1785 2 -3.0034
1786 2 -2.001
1787 2 3
1788 2 -1
1789 2 1
1790 2 3
1791 2 1
1792 2 3
1793 2 1
1794 2 2
1795 2 -2
1796 2 -1
1798 2 -1
1799 2 -1
1800 2 3
1801 2 -3
1802 2 3
1803 2 1
1805 2 -1
1806 2 3
1807 2 3
1808 2 -2.5963e-05
1809 2 -1.0026
1810 2 1.9938
1811 2 0.99387
1812 2 0.9994
1813 2 0.99985
1814 2 -2
1815 2 -3
1816 2 2
1817 2 3
1818 2 -2
1819 2 2
1820 2 -2
1821 2 1
1822 2 1.9991
1823 2 1.9972
1824 2 0.9921
1825 2 -3.01
1826 2 2.9932
1827 2 2.9996
1828 2 -3.0002
1829 2 -0.00011683
1830 2 3
1831 2 1
1832 2 1
1833 2 -1
1834 2 -1
1835 2 3
1836 2 1
1837 2 -3
1838 2 3
1841 2 -3
1842 2 2
1843 2 2
1844 2 -4.4508e-05
1845 2 2.9975
1846 2 0.99684
1847 2 0.99798
1848 2 -3.0005
1849 2 2
1850 2 -1
1851 2 2
1852 2 -3
1853 2 -2
1854 2 3
1855 2 -2
1857 2 -3
1858 2 2
1861 2 1
1862 2 -2
1863 2 -1
1864 2 -1
1865 2 -3
1866 2 -1
1868 2 -1
1869 2 2
1870 2 -1
1871 2 2.9979
1872 2 0.99647
1873 2 -0.0020196
1874 2 0.99957
1875 2 -3
1876 2 -1
1877 2 1
1878 2 -2
1879 2 1
1880 2 -1
1881 2 -2
1882 2 1
1883 2 1
1884 2 -2.0001
1885 2 0.9968
1886 2 0.99647
1887 2 1.9993
1888 2 -3.0004
1889 2 2.9998
1890 2 2
1891 2 3
1892 2 -1
1893 2 3
1894 2 -2
1896 2 3
1897 2 -2
1898 2 -3
1899 2 3
1900 2 -1
1901 2 1
1903 2 2
1904 2 3
1905 2 3
1906 2 -1.0005
1907 2 -2.0025
1908 2 1.9984
1909 2 -3.0015
1910 2 0.99966
1911 2 1
1912 2 -3
1913 2 -1
1914 2 -1
1915 2 3
1916 2 -2
1917 2 -3
1918 2 -2
1919 2 3
1920 2 2
1921 2 -3
1922 2 -2
1923 2 1
1924 2 1
1925 2 -2
1926 2 1
1928 2 -3
1929 2 -2
1931 2 -2
1932 2 1.9999
1933 2 1.9931
1934 2 -1.0088
1935 2 0.99506
1936 2 2.9994
1937 2 3
1938 2 1
1939 2 -1
1941 2 -1
1942 2 -1
1943 2 -1
1944 2 -3
1945 2 1
1946 2 -1.0005
1947 2 1.9962
1948 2 0.99668
1949 2 1.9983
1950 2 2.9999
1952 2 1
1953 2 -3
1954 2 -2
1955 2 -1
1956 2 -3
1957 2 -1
1958 2 -2
1959 2 -3
1961 2 3
1962 2 1
1964 2 -1
1965 2 3
1967 2 -1
1968 2 -0.00060828
1969 2 -0.0019176
1970 2 -2.0017
1971 2 -2.0016
1972 2 -0.00037461
1973 2 3
1974 2 -1
1976 2 1
1977 2 -2
1978 2 3
1979 2 -2
1980 2 2
1981 2 -2
1982 2 -3
1983 2 -3
1984 2 -3
1985 2 -3
1986 2 3
1988 2 -2
1989 2 -1
1990 2 -1
1991 2 -1
1992 2 -3
1993 2 3
1994 2 1.9982
1995 2 -0.0074495
1996 2 -3.0079
1997 2 -0.0080263
1998 2 -2.0039
1999 2 0.99925
2000 2 1
2001 2 1
2003 2 1
2004 2 1
2005 2 -1
2006 2 1
2007 2 -3
2008 2 0.99966
2009 2 0.998
2010 2 -3.0039
2011 2 2.9958
2012 2 0.99922
2013 2 -2
2014 2 -3
2015 2 -2
2016 2 -1.0001
2017 2 -3.0001
2018 2 1
2019 2 2
2021 2 -2
2022 2 2
2024 2 -1
2026 2 -2
2028 2 1
2029 2 1
2030 2 -3.0006
2031 2 -1.0019
2032 2 1.9981
2033 2 -1.0019
2034 2 -0.00056191
2035 2 -2
2036 2 3
2037 2 -2
2038 2 3
2039 2 -1
2040 2 3
2041 2 3
2042 2 1
2043 2 3
2044 2 -3
2045 2 -1
2046 2 -2
2047 2 1
2049 2 2
2050 2 3
2051 2 1
2052 2 2
2054 2 -3
2055 2 -2
2056 2 -2.0027
2057 2 1.9935
2058 2 2.9918
2059 2 -0.008501
2060 2 -2.0077
2061 2 0.99622
2062 2 -3.001
2063 2 0.99994
2064 2 -3.709e-06
2065 2 -1
2066 2 1
2067 2 1
2069 2 1
2070 2 -1.2982e-05
2071 2 1.9986
2072 2 -1.0052
2073 2 2.9958
2074 2 -1.0002
2075 2 -3
2076 2 -3
2077 2 -0.00034308
2078 2 -2.0048
2079 2 2.9957
2080 2 1.999
2081 2 1
2082 2 -3
2084 2 -1
2085 2 1
2086 2 -1
2088 2 -2
2089 2 3
2090 2 2
2091 2 3
2092 2 0.99954
2093 2 -1.0019
2094 2 2.9975
2095 2 -1.0028
2096 2 1.9992
2098 2 -1
2099 2 3
2100 2 1
2101 2 2
2103 2 3
2104 2 -2
2105 2 3
2106 2 -2
2108 2 3
2109 2 -2
2110 2 -1
2112 2 -3
2113 2 -2
2114 2 -2
2115 2 -1
2116 2 -1
2117 2 1
2118 2 2.9983
2119 2 1.9935
2120 2 -1.0071
2121 2 0.99234
2122 2 -1.0082
2123 2 -0.0061384
2124 2 -1.0054
2125 2 -0.0036552
2126 2 -2.0031
2127 2 -3.0013
2128 2 -3.0003
2129 2 2.9991
2130 2 -3.0019
2131 2 -1.0016
2132 2 -1.0001
2133 2 2.9999
2134 2 -2.0004
2135 2 -2.0004
2136 2 -8.9016e-05
2137 2 -2
2138 2 1
2139 2 -1.0005
2140 2 1.9915
2141 2 1.9904
2142 2 -3.0046
2143 2 1.9993
2144 2 -2
2145 2 -1
2146 2 2
2147 2 2
2148 2 -2
2151 2 -2
2152 2 3
2153 2 -2
2154 2 1.9999
2155 2 1.9991
2156 2 1.9965
2157 2 -0.0038611
2158 2 2.999
2159 2 -2
2160 2 -2
2161 2 -2
2162 2 2
2164 2 -3
2165 2 -2
2166 2 1
2167 2 1
2168 2 2
2169 2 3
2170 2 3
2171 2 -3
2173 2 1
2174 2 1
2175 2 2
2176 2 -1
2177 2 1
2178 2 -2
2180 2 -2.0008
2181 2 -0.0056025
2182 2 2.9931
2183 2 -3.0066
2184 2 -1.0082
2185 2 1.992
2186 2 -2.0067
2187 2 1.993
2188 2 -2.0071
2189 2 -2.0077
2190 2 -0.010187
2191 2 0.98726
2192 2 1.9881
2193 2 1.9942
2194 2 2.9996
2195 2 3
2196 2 -1
2197 2 3
2198 2 -3.0002
2199 2 -2.0004
2200 2 1.9999
2201 2 2.9967
2202 2 -2.0103
2203 2 -0.0099346
2204 2 -1.0073
2205 2 -2.0024
2206 2 -3.0001
2207 2 -3
2208 2 3
2210 2 2
2211 2 2
2213 2 -1
2216 2 1
2217 2 -3.0002
2218 2 1.998
2219 2 0.99749
2220 2 -3.001
2221 2 -1
2222 2 -1
2223 2 -2
2225 2 -3
2227 2 1
2228 2 1
2230 2 -1
2232 2 3
2234 2 -2
2235 2 3
2236 2 3
2237 2 -3
2238 2 1
2240 2 1
2241 2 1
2242 2 -3.0004
2243 2 1.9943
2244 2 -2.0067
2245 2 0.99246
2246 2 -1.0111
2247 2 -3.0093
2248 2 2.9929
2249 2 -3.0081
2250 2 1.9909
2251 2 1.9914
2252 2 2.9893
2253 2 -1.0108
2254 2 -2.0103
2255 2 -0.0071083
2256 2 -1.002
2257 2 1.9999
2258 2 -2
2259 2 -0.00049886
2260 2 1.9888
2261 2 -2.013
2262 2 1.9942
2263 2 -1.0123
2264 2 2.9878
2265 2 0.99026
2266 2 1.9911
2267 2 1.9947
2268 2 -1.0006
2269 2 2
2270 2 -3
2271 2 -3
2272 2 -1
2273 2 -1
2274 2 -2
2275 2 -1
2276 2 3
2277 2 -2
2278 2 -2
2279 2 -3
2280 2 2.9996
2281 2 -2.0004
2282 2 0.99985
2283 2 3
2284 2 1
2285 2 -1
2286 2 3
2287 2 -1
2288 2 -2
2289 2 -3
2290 2 2
2291 2 1
2292 2 2
2294 2 2
2295 2 3
2296 2 -1
2298 2 -2
2299 2 -1
2300 2 -1
2301 2 1
2302 2 -3
2304 2 -3.001
2305 2 2.9932
2306 2 -3.0077
2307 2 1.9936
2308 2 -2.0076
2309 2 -2.0162
2310 2 1.9834
2311 2 0.98279
2312 2 2.9795
2313 2 -2.0178
2314 2 2.9843
2315 2 -1.0172
2316 2 -2.0137
2317 2 -1.0122
2318 2 -1.0033
2319 2 -0.0032472
2320 2 2.9974
2321 2 -2.0087
2322 2 0.98458
2323 2 0.98871
2324 2 -3.0096
2325 2 -1.0106
2326 2 -1.0136
2327 2 -3.014
2328 2 -3.0093
2329 2 -1.0074
2330 2 0.99798
2331 2 0.99997
2332 2 -2
2334 2 -2
2335 2 1
2336 2 1
2337 2 2
2338 2 2
2339 2 3
2340 2 -3
2341 2 -1
2342 2 3
2343 2 1
2344 2 2
2345 2 2
2346 2 1
2350 2 1
2351 2 -1
2352 2 3
2353 2 2
2355 2 -1
2356 2 2
2357 2 -2
2358 2 -3
2359 2 3
2360 2 2
2361 2 -3
2362 2 -2
2363 2 3
2364 2 -3
2365 2 2
2366 2 -0.00096805
2367 2 2.9938
2368 2 -2.007
2369 2 -0.0065186
2370 2 -1.0087
2371 2 1.9856
2372 2 2.9834
2373 2 2.9782
2374 2 -0.024259
2375 2 -2.0179
2376 2 -3.0157
2377 2 -3.0181
2378 2 -1.0194
2379 2 -3.0164
2380 2 2.9926
2381 2 -2.0103
2382 2 -1.009
2383 2 -3.0145
2384 2 1.9863
2385 2 -3.0099
2386 2 -3.0087
2387 2 2.9903
2388 2 -0.010649
2389 2 0.9914
2390 2 -2.0095
2391 2 1.9909
2392 2 1.9959
2393 2 -3.0001
2395 2 2
2396 2 -3
2397 2 2
2399 2 1
2401 2 -1
2402 2 -2
2403 2 -1
2404 2 1
2405 2 -3
2406 2 3
2407 2 1
2408 2 -2
2409 2 -2
2410 2 3
2411 2 2
2412 2 -3
2413 2 -2
2414 2 -1
2415 2 -2
2416 2 2
2417 2 -3
2418 2 -1
2419 2 1
2420 2 1
2421 2 -3
2422 2 2
2423 2 2
2424 2 1
2425 2 3
2426 2 2
2427 2 -3
2428 2 -2.0007
2429 2 -0.0049515
2430 2 -2.0064
2431 2 -2.0069
2432 2 0.99282
2433 2 -3.0072
2434 2 0.99335
2435 2 -1.0065
2436 2 -1.0088
2437 2 -1.0083
2438 2 0.99111
2439 2 -0.013041
2440 2 2.9845
2441 2 0.98701
2442 2 -0.0086958
2443 2 1.9897
2444 2 -0.014027
2445 2 2.9857
2446 2 1.9909
2447 2 -1.0096
2448 2 -3.0088
2449 2 0.98997
2450 2 0.98599
2451 2 2.9895
2452 2 -3.0088
2453 2 0.98995
2454 2 -0.0037387
2455 2 1.9999
2456 2 -2
2458 2 -2
2459 2 -2
2460 2 1
2461 2 -2
2462 2 3
2463 2 -2
2465 2 -2
2466 2 1
2467 2 -1
2468 2 -1
2469 2 2
2470 2 3
2471 2 1
2472 2 2
2473 2 -2
2475 2 -2
2476 2 -1
2477 2 -3
2479 2 -2
2480 2 3
2482 2 2
2483 2 -2
2484 2 -1
2485 2 -3
2486 2 -1
2488 2 1
2489 2 1
2490 2 -2.0001
2491 2 -2.0036
2492 2 2.9939
2493 2 2.9929
2494 2 2.993
2495 2 -3.0068
2496 2 2.9904
2497 2 1.9903
2498 2 -3.0071
2499 2 0.99285
2500 2 2.9895
2501 2 1.9879
2502 2 1.9906
2503 2 -0.011605
2504 2 -0.0099309
2505 2 -2.008
2506 2 1.9894
2507 2 -2.014
2508 2 2.988
2509 2 2.9917
2510 2 1.992
2511 2 0.98917
2512 2 -0.011654
2513 2 1.9913
2514 2 -1.0098
2515 2 -3.0089
2516 2 -2.0017
2517 2 0.99999
2518 2 -2
2519 2 -1
2520 2 -2
2521 2 2
2522 2 -1
2523 2 -3
2525 2 1
2526 2 -1
2527 2 -2
2528 2 2
2529 2 1
2532 2 -1
2533 2 -1
2534 2 1
2535 2 -3
2536 2 -3
2537 2 3
2538 2 1
2539 2 -3
2541 2 -1
2543 2 -2
2546 2 -1
2547 2 -2
2548 2 -3
2549 2 -2
2550 2 -2
2551 2 2
2552 2 2
2553 2 0.99814
2554 2 -2.0061
2555 2 -1.0066
2556 2 1.9941
2557 2 -2.0074
2558 2 1.9872
2559 2 -0.0095767
2560 2 -2.007
2561 2 -1.0084
2562 2 -3.0081
2563 2 2.9929
2564 2 1.9909
2565 2 -2.008
2566 2 2.9927
2567 2 -2.007
2568 2 1.9903
2569 2 0.98945
2570 2 2.9907
2571 2 -2.0092
2572 2 -3.0089
2573 2 0.99103
2574 2 -0.0098326
2575 2 0.98992
2576 2 0.99002
2577 2 -2.0052
2578 2 -0.00052668
2579 2 3
2580 2 -1
2581 2 -3
2582 2 3
2584 2 -2
2585 2 -2
2586 2 1
2587 2 -3
2588 2 1
2589 2 3
2590 2 2
2591 2 3
2592 2 2
2593 2 -2
2594 2 -2
2595 2 3
2597 2 3
2599 2 3
2600 2 1
2601 2 -3
2602 2 -3
2604 2 3
2605 2 -3
2606 2 -1
2607 2 -1
2608 2 2
2609 2 3
2610 2 2
2612 2 2
2613 2 -1
2614 2 1
2615 2 -0.00010385
2616 2 -2.0033
2617 2 1.9945
2618 2 -0.006717
2619 2 1.9929
2620 2 2.9932
2621 2 -3.0074
2622 2 -2.0139
2623 2 -2.0114
2624 2 -1.008
2625 2 -0.0076999
2626 2 -0.0073049
2627 2 -3.0083
2628 2 -1.0084
2629 2 1.9893
2630 2 1.9874
2631 2 1.9906
2632 2 0.99144
2633 2 0.99054
2634 2 -0.0087273
2635 2 -3.0097
2636 2 0.99058
2637 2 0.99005
2638 2 1.9909
2639 2 -2.0023
2640 2 2.9999
2641 2 -2
2642 2 -3
2643 2 1
2644 2 2
2645 2 -1
2646 2 1
2648 2 -2
2649 2 2
2650 2 3
2651 2 -1
2652 2 3
2654 2 3
2657 2 3
2658 2 -2
2659 2 1
2660 2 3
2661 2 1
2662 2 2
2664 2 3
2665 2 3
2666 2 -1
2667 2 -3
2668 2 3
2669 2 1
2670 2 1
2671 2 -1
2673 2 -3
2674 2 3
2675 2 -2
2676 2 3
2677 2 -3
2678 2 -2.0002
2679 2 -0.0042728
2680 2 2.9923
2681 2 1.9922
2682 2 2.9928
2683 2 -2.0081
2684 2 -0.010717
2685 2 1.9921
2686 2 0.99124
2687 2 -2.0086
2688 2 0.99223
2689 2 -2.0079
2690 2 0.99241
2691 2 -0.011988
2692 2 2.9875
2693 2 -0.010033
2694 2 -0.0092373
2695 2 -0.012601
2696 2 2.9859
2697 2 -1.0096
2698 2 -3.0096
2699 2 1.9908
2700 2 -2.0036
2701 2 0.99962
2702 2 1
2703 2 1
2704 2 -3
2705 2 -3
2706 2 -1
2707 2 -2
2708 2 3
2710 2 1
2711 2 -2
2712 2 -1
2714 2 -3
2715 2 1
2716 2 -3
2717 2 -1
2718 2 -3
2719 2 3
2720 2 1
2721 2 -1
2722 2 -3
2723 2 3
2724 2 1
2725 2 -3
2726 2 -3
2727 2 -3
2729 2 -2
2730 2 1
2731 2 3
2732 2 -3
2735 2 1
2736 2 -1
2738 2 3
2739 2 -2
2740 2 3
2741 2 -0.00081784
2742 2 -1.0045
2743 2 1.9934
2744 2 -1.0078
2745 2 1.9905
2746 2 -3.0124
2747 2 -0.010396
2748 2 -0.0091668
2749 2 -3.0073
2750 2 1.9919
2751 2 2.9911
2752 2 -2.0108
2753 2 -2.0088
2754 2 -2.0101
2755 2 1.99
2756 2 -1.0103
2757 2 2.9874
2758 2 -0.010114
2759 2 -0.0106
2760 2 2.9913
2761 2 0.99604
2762 2 -1.0004
2763 2 -2
2764 2 1
2765 2 2
2766 2 -1
2767 2 -1
2768 2 3
2769 2 1
2770 2 -3
2771 2 -1
2772 2 -3
2773 2 -2
2774 2 -3
2778 2 1
2779 2 -3
2780 2 2
2781 2 1
2782 2 2
2783 2 3
2784 2 1
2785 2 1
2787 2 -2
2788 2 -3
2789 2 3
2791 2 -3
2792 2 -3
2793 2 -3
2795 2 -1
2796 2 -3
2797 2 -1
2798 2 -1
2800 2 -1
2801 2 -3
2802 2 -2
2803 2 2
2804 2 -2.0003
2805 2 0.99683
2806 2 -3.0063
2807 2 -3.0159
2808 2 -2.0223
2809 2 -3.014
2810 2 -3.007
2811 2 0.99064
2812 2 0.99109
2813 2 0.99153
2814 2 1.9924
2815 2 1.992
2816 2 -3.0101
2817 2 1.989
2818 2 -3.0089
2819 2 -2.008
2820 2 -1.0094
2821 2 -1.0081
2822 2 -2.0013
2823 2 -0.00042283
2824 2 -3.3381e-05
2825 2 2
2826 2 -1
2827 2 -1
2828 2 3
2829 2 -2
2830 2 3
2831 2 2
2832 2 -2
2833 2 3
2834 2 -2
2835 2 1
2836 2 2
2837 2 1
2839 2 2
2840 2 3
2841 2 -1
2842 2 2
2843 2 3
2844 2 -2
2845 2 2
2846 2 -3
2847 2 -3
2848 2 -2
2849 2 2
2851 2 2
2852 2 3
2853 2 -1
2854 2 2
2855 2 1
2856 2 -1
2857 2 1
2859 2 2
2860 2 1
2862 2 1
2863 2 -1
2864 2 1
2866 2 1
2867 2 1.9998
2868 2 -3.0026
2869 2 -2.0121
2870 2 1.9836
2871 2 1.9882
2872 2 2.9913
2873 2 2.9921
2874 2 -0.0078149
2875 2 -1.007
2876 2 -1.007
2877 2 -2.0085
2878 2 0.9911
2879 2 -3.0085
2880 2 -2.0088
2881 2 2.9915
2882 2 -0.0027929
2883 2 2.9997
2884 2 -0.00037646
2885 2 3
2886 2 2
2887 2 2
2888 2 -2
2889 2 -3
2890 2 2
2891 2 -2
2894 2 3
2895 2 -2
2896 2 2
2897 2 -2
2898 2 -3
2899 2 -3
2900 2 2
2901 2 2
2902 2 2
2905 2 1
2906 2 -3
2907 2 -3
2908 2 2
2909 2 -2
2910 2 -2
2911 2 -1
2912 2 -2
2913 2 1
2915 2 2
2917 2 2
2918 2 -3
2919 2 -1
2920 2 -1
2921 2 -1
2922 2 -1
2923 2 1
2926 2 -3
2928 2 1
2929 2 -3
2930 2 -1
2931 2 1.9994
2932 2 -1.0028
2933 2 -0.0059641
2934 2 0.99288
2935 2 -0.0082507
2936 2 -1.0076
2937 2 1.9919
2938 2 -3.0079
2939 2 1.9925
2940 2 2.9925
2941 2 -2.0062
2942 2 1.9973
2943 2 -3.0002
2944 2 1.9997
2945 2 2
2946 2 -3
2947 2 2
2948 2 2
2949 2 -2
2950 2 -2
2951 2 -2
2952 2 -2
2953 2 -2
2954 2 1
2955 2 -2
2956 2 1
2957 2 -2
2958 2 2
2959 2 3
2960 2 -2
2961 2 -1
2962 2 -3
2964 2 2
2965 2 -2
2967 2 1
2968 2 2
2969 2 -2
2970 2 1
2971 2 -3
2972 2 3
2973 2 -3
2974 2 -1
2975 2 2
2976 2 1
2979 2 -2
2980 2 2
2982 2 2
2984 2 -1
2985 2 -1
2987 2 -3
2988 2 2
2989 2 -3
2990 2 2
2991 2 2
2992 2 3
2993 2 1
2995 2 -1.0002
2996 2 -0.00060271
2997 2 -0.0012796
2998 2 -3.0022
2999 2 1.9969
3000 2 2.9974
3001 2 1.9994
3002 2 -0.00011127
3003 2 -0.00010385
3004 2 -0.00014094
3005 2 2.9999
3006 2 -2
3007 2 -2
3008 2 -3
3009 2 1
3011 2 1
3012 2 2
3016 2 -2
3018 2 -2
3019 2 -1
3020 2 2
3021 2 3
3022 2 -1
3023 2 2
3024 2 2
3025 2 3
3026 2 -2
3027 2 -2
3028 2 1
3029 2 -3
3030 2 2
3032 2 2
3033 2 -3
3034 2 3
3035 2 -2
3036 2 2
3037 2 -1
3038 2 1
3039 2 2
3040 2 -1
3041 2 2
3043 2 -3
3044 2 2
3045 2 2
3046 2 1
3047 2 1
3048 2 3
3049 2 2
3050 2 -1
3051 2 2
3053 2 2
3054 2 -1
3055 2 3
3056 2 -3
3058 2 -2
3060 2 1
3061 2 3
3062 2 2.9999
3063 2 -5.3781e-05
3064 2 -2
3065 2 3
3066 2 -1
3067 2 3
3068 2 3
3069 2 3
3070 2 1
3071 2 -1
3072 2 -1
3073 2 3
3074 2 -3
3075 2 -1
3076 2 -1
3077 2 1
3078 2 1
3079 2 3
3080 2 -1
3081 2 1
3082 2 1
3083 2 -3
3085 2 1
3086 2 -2
3087 2 -2
3088 2 -2
3089 2 -1
3090 2 2
3091 2 -2
3092 2 1
3093 2 1
3094 2 -3
3095 2 1
3096 2 2
3097 2 3
3098 2 -3
3100 2 -2
3101 2 3
3102 2 -3
3103 2 -1
3104 2 -2
3105 2 1
3106 2 -3
3107 2 1
3108 2 2
3109 2 -1
3110 2 -3
3111 2 -1
3112 2 2
3113 2 3
3114 2 -2
3116 2 -2
3118 2 2
3119 2 2
3120 2 -1
3121 2 1
3122 2 1
3123 2 3
3124 2 -1
3125 2 2
3126 2 -1
3127 2 -2
3128 2 -2
3129 2 3
3130 2 -3
3131 2 -1
3132 2 -1
3133 2 3
3134 2 2
3135 2 3
3136 2 -2
3138 2 -3
3139 2 3
3140 2 3
3141 2 2
3142 2 -1
3144 2 -1
3145 2 2
3146 2 -1
3147 2 3
3148 2 2
3149 2 1
3150 2 -3
3151 2 1
3152 2 2
3153 2 -1
3155 2 -2
3156 2 -2
3157 2 3
3158 2 3
3159 2 1
3160 2 -1
3161 2 -2
3162 2 2
3163 2 -1
3164 2 1
3165 2 -2
3167 2 -2
3168 2 -3
3169 2 3
3170 2 -3
3172 2 2
3174 2 -1
3176 2 -2
3177 2 3
3178 2 -3
3179 2 3
3180 2 2
3182 2 -2
3183 2 3
3184 2 -2
3185 2 1
3186 2 -3
3187 2 -2
3188 2 3
3189 2 -3
3190 2 2
3191 2 -1
3192 2 -1
3193 2 -1
3194 2 3
3195 2 -3
3196 2 -3
3197 2 -2
3198 2 3
3199 2 3
3200 2 1
3201 2 2
3202 2 -1
3203 2 2
3204 2 -2
3205 2 -3
3207 2 -2
3209 2 -1
3210 2 -2
3211 2 -1
3212 2 -2
3213 2 -3
3215 2 -2
3216 2 1
3218 2 2
3220 2 3
3221 2 2
3222 2 1
3223 2 -3
3224 2 -3
3225 2 3
3226 2 3
3227 2 -3
3230 2 -3
3231 2 -3
3232 2 3
3233 2 1
3234 2 3
3235 2 -3
3236 2 1
3237 2 -2
3238 2 -1
3240 2 -1
3241 2 -2
3242 2 1
3243 2 2
3245 2 1
3246 2 -3
3247 2 -2
3248 2 -3
3249 2 1
3250 2 3
3251 2 -2
3252 2 -2
3253 2 -3
3254 2 3
3255 2 3
3256 2 -1
3257 2 -2
3258 2 1
3260 2 -2
3261 2 -1
3262 2 1
3263 2 3
3264 2 -3
3265 2 -3
3266 2 2
3267 2 2
3268 2 2
3269 2 2
3274 2 3
3275 2 1
3276 2 1
3277 2 3
3278 2 3
3279 2 1
3281 2 -3
3282 2 1
3283 2 2
3285 2 -2
3286 2 -2
3287 2 1
3288 2 -1
3289 2 3
3290 2 -3
3292 2 -3
3293 2 -3
3294 2 2
3295 2 -2
3296 2 -2
3297 2 -3
3298 2 -2
3300 2 2
3301 2 -1
3302 2 -1
3303 2 3
3304 2 -3
3305 2 3
3306 2 -1
3307 2 3
3308 2 1
3309 2 -2
3310 2 -1
3311 2 -3
3312 2 -1
3315 2 2
3316 2 3
3318 2 2
3319 2 -3
3320 2 3
3323 2 1
3324 2 1
3325 2 1
3326 2 -3
3328 2 -3
3329 2 2
3330 2 -1
3331 2 -2
3332 2 2
3333 2 2
3334 2 3
3335 2 1
3336 2 -2
3338 2 -1
3339 2 -3
3341 2 2
3342 2 3
3343 2 -3
3344 2 3
3345 2 3
3346 2 -3
3347 2 -2
3348 2 2
3349 2 1
3350 2 -1
3351 2 3
3352 2 -2
3353 2 3
3354 2 2
3355 2 -2
3356 2 -2
3357 2 2
3358 2 3
3360 2 3
3361 2 1
3362 2 -3
3363 2 -1
3364 2 3
3365 2 3
3366 2 -2
3368 2 -3
3369 2 -3
3370 2 -3
3371 2 -2
3372 2 -1
3373 2 1
3374 2 3
3375 2 -1
3376 2 2
3377 2 -3
3378 2 -3
3379 2 -2
3380 2 1
3381 2 1
3382 2 -1
3383 2 1
3384 2 2
3385 2 -1
3386 2 1
3388 2 -3
3389 2 -3
3390 2 1
3391 2 3
3392 2 3
3393 2 -1
3394 2 -2
3395 2 -1
3396 2 -2
3397 2 -2
3398 2 -3
3399 2 -2
3401 2 1
3402 2 2
3403 2 -1
3404 2 3
3405 2 -2
3406 2 2
3407 2 3
3408 2 2
3409 2 -2
3410 2 -1
3411 2 -1
3412 2 2
3413 2 3
3414 2 2
3415 2 -2
3416 2 -1
3417 2 -2
3418 2 -2
3419 2 -1
3420 2 -2
3422 2 -2
3423 2 2
3424 2 -1
3425 2 2
3426 2 3
3427 2 1
3429 2 -2
3430 2 -1
3431 2 -3
3432 2 1
3433 2 -1
3434 2 -3
3435 2 1
3436 2 -2
3437 2 -3
3438 2 -1
3440 2 -2
3441 2 -1
3442 2 -2
3443 2 1
3444 2 -2
3445 2 1
3446 2 -3
3447 2 3
3448 2 1
3449 2 -2
3450 2 2
3451 2 -3
3452 2 -3
3453 2 -1
3454 2 -2
3456 2 3
3458 2 2
3459 2 -1
3460 2 2
3461 2 2
3462 2 2
3463 2 3
3464 2 3
3465 2 3
3466 2 3
3467 2 -1
3468 2 3
3469 2 -2
3470 2 -2
3471 2 -3
3472 2 -3
3473 2 -1
3474 2 2
3475 2 3
3476 2 1
3477 2 2
3478 2 2
3479 2 1
3481 2 -1
3482 2 3
3484 2 3
3485 2 -3
3486 2 -3
3487 2 1
3488 2 -2
3489 2 2
3490 2 3
3491 2 -2
3492 2 3
3493 2 1
3494 2 2
3495 2 -1
3497 2 -1
3498 2 -2
3499 2 1
3501 2 1
3502 2 1
3503 2 -2
3504 2 1
3505 2 -3
3506 2 -2
3507 2 1
3508 2 -2
3510 2 -3
3512 2 -3
3513 2 -3
3514 2 -1
3515 2 3
3516 2 2
3517 2 1
3518 2 1
3519 2 2
3520 2 -1
3521 2 3
3522 2 -2
3524 2 2
3525 2 3
3526 2 -3
3528 2 -3
3529 2 1
3530 2 -3
3532 2 2
3533 2 2
3534 2 -1
3535 2 -3
3537 2 3
3538 2 -3
3539 2 3
3540 2 -1
3542 2 -3
3543 2 -2
3544 2 -1
3545 2 2
3546 2 3
3547 2 -2
3548 2 -1
3549 2 -3
3551 2 -3
3552 2 -3
3553 2 -1
3554 2 1
3557 2 -2
3558 2 -1
3559 2 1
3560 2 -1
3561 2 -2
3562 2 2
3563 2 3
3564 2 1
3565 2 3
3566 2 -2
3567 2 2
3568 2 -2
3569 2 -3
3570 2 2
3572 2 1
3573 2 2
3575 2 -1
3576 2 -2
3577 2 2
3578 2 3
3579 2 -2
3580 2 1
3583 2 1
3584 2 -3
3585 2 3
3586 2 -2
3587 2 -1
3588 2 -2
3589 2 3
3590 2 2
3591 2 -1
3592 2 3
3593 2 3
3595 2 -3
3596 2 2
3597 2 -2
3598 2 2
3599 2 -1
3600 2 3
3601 2 2
3602 2 3
3604 2 -1
3605 2 -1
3606 2 -1
3607 2 3
3610 2 -2
3611 2 -3
3612 2 3
3614 2 3
3615 2 -1
3617 2 3
3618 2 1
3619 2 -1
3620 2 1
3621 2 -1
3623 2 -3
3624 2 1
3625 2 -1
3626 2 2
3627 2 -3
3628 2 2
3629 2 -3
3630 2 -1
3631 2 3
3632 2 2
3633 2 -1
3634 2 -3
3635 2 -2
3636 2 -1
3637 2 1
3638 2 3
3639 2 2
3640 2 3
3641 2 1
3642 2 -2
3643 2 1
3644 2 3
3645 2 1
3647 2 3
3649 2 1
3650 2 -2
3651 2 1
3652 2 1
3653 2 3
3654 2 -1
3655 2 -2
3656 2 2
3657 2 -2
3658 2 -2
3659 2 2
3660 2 2
3661 2 -1
3662 2 1
3664 2 2
3665 2 -2
3666 2 -2
3667 2 1
3668 2 1
3669 2 1
3670 2 3
3671 2 -1
3673 2 1
3674 2 1
3675 2 -2
3676 2 2
3677 2 -2
3678 2 -1
3680 2 2
3681 2 3
3682 2 3
3683 2 -2
3684 2 1
3685 2 -1
3686 2 -2
3688 2 2
3689 2 -2
3691 2 -1
3692 2 -1
3694 2 -2
3695 2 -3
3696 2 1
3697 2 -3
3698 2 2
3699 2 -3
3700 2 1
3701 2 -2
3702 2 3
3703 2 -2
3705 2 1
3706 2 2
3707 2 2
3708 2 1
3709 2 1
3710 2 -2
3711 2 -2
3712 2 -3
3713 2 1
3714 2 -2
3715 2 1
3716 2 2
3717 2 2
3718 2 3
3719 2 -3
3720 2 -1
3721 2 -3
3723 2 2
3724 2 -1
3727 2 -2
3728 2 -1
3729 2 -2
3730 2 2
3732 2 3
3733 2 3
3734 2 2
3735 2 -3
3736 2 -3
3737 2 -2
3738 2 2
3739 2 1
3740 2 -2
3742 2 3
3743 2 3
3745 2 -1
3746 2 -2
3747 2 -1
3748 2 -2
3749 2 -2
3750 2 2
3751 2 -3
3752 2 -1
3754 2 1
3755 2 3
3756 2 -2
3757 2 3
3759 2 2
3760 2 2
3761 2 -3
3762 2 -1
3763 2 1
3764 2 2
3765 2 -3
3766 2 2
3767 2 2
3768 2 -1
3769 2 -2
3770 2 -1
3771 2 1
3772 2 -2
3773 2 2
3774 2 -3
3775 2 1
3776 2 3
3778 2 -1
3779 2 3
3780 2 -2
3781 2 -3
3783 2 -2
3784 2 -1
3785 2 3
3786 2 -1
3787 2 1
3789 2 1
3790 2 3
3791 2 -1
3792 2 -3
3793 2 -1
3794 2 3
3795 2 -1
3796 2 2
3797 2 1
3798 2 -3
3799 2 -2
3800 2 -1
3802 2 -2
3803 2 -2
3804 2 2
3805 2 -3
3806 2 3
3809 2 -1
3810 2 -3
3812 2 1
3813 2 -1
3814 2 1
3815 2 2
3817 2 3
3818 2 -1
3819 2 2
3820 2 3
3821 2 -1
3822 2 2
3823 2 2
3824 2 3
3825 2 -2
3826 2 -1
3828 2 1
3830 2 2
3831 2 2
3832 2 -2
3833 2 3
3834 2 -3
3835 2 -3
3836 2 3
3837 2 -1
3838 2 1
3839 2 1
3840 2 1
3841 2 -2
3842 2 1
3843 2 -3
3844 2 3
